3000
2 1
3 2
3 4
5 2
5 6
7 4
8 7
9 7
10 5
9 11
12 4
13 9
14 13
13 15
16 12
7 17
15 18
3 19
20 13
21 17
20 22
23 5
9 24
25 12
23 26
17 27
28 25
29 15
30 21
31 27
21 32
11 33
6 34
12 35
36 16
37 26
38 29
39 34
40 16
28 41
32 42
43 28
31 44
45 12
46 43
35 47
48 42
23 49
27 50
4 51
18 52
18 53
35 54
39 55
56 17
36 57
33 58
59 15
1 60
61 24
33 62
25 63
58 64
65 8
66 60
65 67
68 41
69 43
6 70
71 47
33 72
73 47
47 74
75 28
76 3
50 77
78 4
79 67
59 80
41 81
17 82
83 62
19 84
7 85
86 63
87 72
10 88
29 89
31 90
47 91
92 78
93 41
45 94
95 73
6 96
97 82
8 98
99 28
100 38
101 2
74 102
39 103
45 104
4 105
106 95
107 93
108 100
38 109
110 59
111 61
81 112
113 43
43 114
115 26
49 116
117 50
118 24
119 37
82 120
117 121
108 122
123 53
32 124
125 20
126 1
127 6
128 7
97 129
50 130
131 88
132 13
96 133
134 71
135 57
136 33
137 113
105 138
139 32
140 3
141 82
79 142
143 21
144 136
145 11
116 146
147 146
47 148
149 144
25 150
151 30
139 152
153 12
154 47
155 13
156 147
50 157
158 41
159 69
99 160
149 161
162 7
163 116
164 17
20 165
29 166
26 167
70 168
169 71
170 21
171 21
42 172
15 173
174 99
175 127
141 176
81 177
178 33
135 179
180 173
181 61
182 152
163 183
149 184
135 185
186 165
113 187
188 151
189 106
190 139
57 191
191 192
61 193
175 194
80 195
143 196
157 197
61 198
164 199
200 83
24 201
202 150
203 47
204 10
205 178
206 147
207 31
27 208
209 92
210 161
77 211
212 48
213 74
212 214
215 164
76 216
217 176
218 79
219 181
10 220
149 221
116 222
223 98
224 56
91 225
226 215
37 227
44 228
60 229
123 230
30 231
232 48
89 233
234 126
235 216
236 215
237 209
25 238
6 239
240 198
47 241
242 198
196 243
46 244
203 245
184 246
206 247
170 248
3 249
162 250
251 160
252 42
210 253
254 26
255 92
256 175
257 108
258 20
259 189
260 7
261 184
22 262
118 263
182 264
265 166
266 84
267 37
151 268
207 269
263 270
223 271
272 112
273 35
235 274
80 275
276 79
277 139
108 278
279 214
280 211
281 83
282 257
283 59
284 71
285 191
286 21
287 209
168 288
289 227
290 205
291 129
292 181
178 293
291 294
238 295
162 296
297 206
43 298
101 299
291 300
202 301
247 302
236 303
304 166
70 305
306 9
263 307
177 308
52 309
128 310
276 311
312 108
215 313
197 314
125 315
316 37
183 317
318 131
319 60
320 218
165 321
307 322
323 89
324 30
325 231
41 326
306 327
328 203
100 329
330 314
285 331
112 332
333 237
134 334
335 10
336 196
220 337
145 338
339 61
76 340
232 341
342 1
343 326
220 344
104 345
346 63
347 247
348 127
263 349
34 350
351 146
352 54
353 224
354 231
2 355
356 219
357 241
358 40
72 359
126 360
175 361
143 362
78 363
364 241
365 354
362 366
230 367
368 79
369 283
113 370
371 217
283 372
373 283
374 136
375 258
237 376
203 377
378 2
145 379
48 380
381 95
382 150
383 99
384 263
369 385
386 209
387 133
388 315
389 183
390 143
391 355
108 392
393 122
325 394
395 331
244 396
188 397
272 398
399 337
57 400
156 401
402 103
403 296
404 134
299 405
406 245
407 34
30 408
160 409
316 410
411 212
412 58
413 6
22 414
82 415
416 127
417 14
124 418
281 419
20 420
421 359
422 23
8 423
238 424
57 425
426 385
121 427
228 428
288 429
349 430
360 431
405 432
433 388
411 434
435 253
350 436
164 437
438 289
439 86
102 440
336 441
442 219
443 253
444 214
91 445
446 186
272 447
448 3
449 408
450 420
121 451
452 250
110 453
454 168
216 455
388 456
457 455
458 145
459 15
406 460
461 92
462 204
463 400
66 464
465 463
466 438
467 411
468 42
469 107
470 167
471 245
69 472
473 386
126 474
475 101
262 476
477 150
478 178
479 29
210 480
394 481
482 318
28 483
484 329
485 324
486 167
487 81
186 488
153 489
490 180
491 259
127 492
92 493
158 494
376 495
279 496
497 118
276 498
499 140
140 500
501 56
502 123
455 503
365 504
505 268
506 478
502 507
508 388
509 264
240 510
511 28
512 500
513 465
514 309
515 222
474 516
305 517
518 386
29 519
520 456
521 447
307 522
84 523
524 425
525 25
526 375
527 42
266 528
529 194
530 235
531 349
532 256
218 533
7 534
535 457
536 167
427 537
538 277
417 539
540 144
541 480
238 542
543 521
544 123
545 59
546 181
547 98
548 305
367 549
409 550
551 549
377 552
146 553
432 554
426 555
556 167
557 366
555 558
559 300
560 251
419 561
562 410
563 9
564 450
204 565
258 566
567 301
568 288
266 569
245 570
571 254
572 490
573 217
499 574
290 575
7 576
577 396
547 578
186 579
580 239
581 56
582 207
268 583
395 584
585 540
586 468
30 587
588 260
364 589
47 590
591 36
374 592
412 593
594 136
584 595
503 596
507 597
460 598
70 599
415 600
203 601
602 289
538 603
341 604
605 257
447 606
607 559
608 140
609 480
610 162
611 71
612 277
89 613
614 391
615 424
616 570
518 617
378 618
617 619
123 620
621 572
15 622
319 623
624 266
625 535
384 626
627 162
628 173
591 629
630 468
465 631
632 88
536 633
634 585
635 386
636 474
473 637
638 209
345 639
487 640
641 622
613 642
643 384
644 436
645 482
23 646
647 508
584 648
649 142
650 289
651 320
117 652
256 653
654 546
312 655
656 564
70 657
474 658
570 659
300 660
661 45
662 524
663 382
664 497
414 665
224 666
667 480
668 523
669 580
226 670
332 671
275 672
500 673
591 674
675 83
676 542
445 677
678 199
400 679
680 421
681 482
682 196
626 683
670 684
685 647
686 679
167 687
338 688
171 689
196 690
504 691
692 428
693 179
694 608
300 695
357 696
697 312
698 34
665 699
44 700
544 701
470 702
703 33
704 496
133 705
706 469
707 358
708 374
577 709
416 710
711 115
677 712
224 713
714 271
715 677
630 716
717 438
398 718
719 231
720 660
234 721
722 537
723 303
680 724
725 583
31 726
727 393
547 728
504 729
347 730
193 731
732 329
326 733
389 734
735 51
665 736
20 737
545 738
739 329
740 59
205 741
742 273
736 743
744 714
745 459
746 316
747 197
717 748
749 75
750 356
672 751
417 752
753 660
754 452
523 755
40 756
599 757
670 758
534 759
760 280
761 121
762 727
763 522
619 764
674 765
100 766
767 114
664 768
39 769
770 260
500 771
677 772
389 773
248 774
623 775
569 776
777 602
498 778
444 779
780 553
83 781
782 601
418 783
784 466
740 785
35 786
153 787
788 220
303 789
790 322
791 235
614 792
793 547
794 549
444 795
28 796
797 159
441 798
799 584
800 598
801 245
802 485
437 803
686 804
109 805
806 152
780 807
263 808
809 110
810 288
811 261
812 94
813 740
814 618
815 276
816 798
817 320
119 818
819 350
192 820
821 556
798 822
21 823
824 57
230 825
657 826
827 21
828 176
697 829
474 830
831 228
832 782
833 832
834 324
835 197
836 428
837 154
838 713
549 839
840 28
153 841
763 842
431 843
599 844
845 410
319 846
847 202
37 848
849 171
850 361
851 400
852 348
853 563
854 529
855 645
220 856
446 857
858 73
859 797
860 513
861 172
862 631
779 863
401 864
865 363
866 554
54 867
741 868
489 869
870 308
181 871
704 872
749 873
874 51
790 875
443 876
877 701
112 878
464 879
366 880
881 438
882 683
857 883
389 884
885 31
886 325
887 164
690 888
316 889
192 890
891 388
892 100
479 893
894 333
210 895
364 896
897 208
192 898
899 313
202 900
799 901
849 902
18 903
904 743
905 34
906 28
907 524
176 908
674 909
910 525
136 911
912 586
82 913
914 752
915 256
307 916
917 533
693 918
919 298
193 920
921 901
263 922
258 923
924 8
174 925
221 926
927 321
928 594
184 929
930 225
212 931
932 208
761 933
301 934
935 267
482 936
801 937
938 23
728 939
153 940
941 462
942 172
943 454
944 4
799 945
946 681
480 947
930 948
877 949
950 65
481 951
952 754
953 370
954 37
955 510
956 297
957 169
958 547
959 873
960 284
677 961
416 962
963 852
532 964
291 965
420 966
967 441
968 319
969 618
970 820
971 209
972 672
973 903
17 974
975 499
711 976
360 977
353 978
599 979
71 980
981 602
982 254
983 147
984 295
985 463
986 469
987 758
903 988
814 989
990 681
991 417
992 529
993 923
994 92
677 995
996 629
997 189
537 998
368 999
1000 427
696 1001
78 1002
1003 246
93 1004
1005 326
22 1006
1007 182
1008 279
1009 778
225 1010
1011 38
1012 719
306 1013
874 1014
931 1015
1016 689
466 1017
1018 272
641 1019
19 1020
1021 10
138 1022
170 1023
694 1024
749 1025
1026 178
1027 648
880 1028
1029 270
1030 59
1031 552
1032 739
1033 377
1034 484
749 1035
1036 625
1037 973
1038 24
1039 908
1027 1040
1041 65
1042 639
342 1043
1044 88
1045 817
497 1046
1047 239
328 1048
149 1049
228 1050
1051 639
54 1052
869 1053
8 1054
1055 1049
838 1056
584 1057
1058 296
960 1059
1060 446
350 1061
194 1062
922 1063
260 1064
171 1065
1066 364
661 1067
1068 302
1069 903
676 1070
1071 1066
1072 625
233 1073
1074 904
1075 939
914 1076
1077 707
213 1078
862 1079
445 1080
1081 567
1048 1082
813 1083
613 1084
1085 960
1086 1056
661 1087
100 1088
756 1089
82 1090
1091 1070
426 1092
1093 187
1094 76
611 1095
219 1096
553 1097
1010 1098
589 1099
868 1100
568 1101
464 1102
1103 302
121 1104
1105 880
1106 402
421 1107
743 1108
178 1109
401 1110
667 1111
1112 108
1113 27
1114 29
142 1115
1116 1002
494 1117
359 1118
320 1119
424 1120
90 1121
1122 47
1123 763
707 1124
1125 385
705 1126
1127 539
305 1128
1129 725
963 1130
781 1131
1021 1132
173 1133
1134 407
1135 590
867 1136
417 1137
1028 1138
1139 637
1048 1140
1141 327
1142 934
1119 1143
503 1144
556 1145
1146 262
1147 222
1148 1030
451 1149
1150 88
1151 507
1015 1152
541 1153
1154 338
538 1155
1156 54
741 1157
819 1158
1159 345
42 1160
1120 1161
53 1162
136 1163
1164 128
1165 832
1166 260
58 1167
1168 620
573 1169
1170 815
43 1171
1172 1052
659 1173
1045 1174
344 1175
142 1176
718 1177
551 1178
1179 282
1180 280
1181 503
1182 106
1183 559
666 1184
402 1185
253 1186
382 1187
945 1188
634 1189
1190 400
525 1191
1192 897
536 1193
1194 1100
1195 717
1196 1169
973 1197
1198 777
1199 222
1200 550
1201 770
1202 793
115 1203
83 1204
1205 625
1206 542
1207 728
559 1208
1209 999
1210 356
947 1211
1212 935
1213 383
1214 165
1215 1078
326 1216
221 1217
1218 753
1219 493
97 1220
28 1221
1021 1222
1223 296
1224 37
656 1225
879 1226
1227 127
209 1228
1229 137
490 1230
1231 611
1232 255
1233 784
98 1234
889 1235
1033 1236
12 1237
800 1238
1239 324
1240 430
565 1241
1048 1242
438 1243
874 1244
1245 41
1246 412
188 1247
1248 18
1249 88
1250 941
1251 887
1252 561
1253 69
1254 1154
1255 268
730 1256
511 1257
460 1258
1159 1259
479 1260
1261 51
1262 963
1263 1042
325 1264
1251 1265
498 1266
1095 1267
785 1268
1059 1269
1208 1270
1271 700
856 1272
1273 728
299 1274
1275 30
1276 1105
684 1277
1278 1110
89 1279
1280 499
1281 58
1232 1282
1283 1004
706 1284
196 1285
1286 523
1287 1022
1288 7
1289 1212
625 1290
127 1291
1292 326
1293 668
1294 59
59 1295
1264 1296
19 1297
1298 71
1299 585
1028 1300
773 1301
160 1302
831 1303
175 1304
1151 1305
21 1306
20 1307
1308 327
36 1309
276 1310
324 1311
1312 1020
958 1313
1314 416
1315 1113
1316 1286
937 1317
1318 537
1319 857
159 1320
1321 772
927 1322
29 1323
1324 4
1325 159
1326 183
1327 76
1328 301
912 1329
367 1330
1331 253
506 1332
113 1333
1334 848
1335 705
1336 890
625 1337
1338 1018
254 1339
1340 1039
1341 991
1293 1342
397 1343
1344 40
566 1345
1346 59
420 1347
1348 261
94 1349
252 1350
599 1351
1352 959
1353 943
1354 182
826 1355
1086 1356
1293 1357
1267 1358
322 1359
981 1360
1361 132
1362 740
1363 1037
644 1364
1365 1215
1040 1366
1367 457
1368 20
326 1369
1315 1370
1371 282
435 1372
1373 1124
1374 57
1280 1375
1376 509
660 1377
1378 1358
180 1379
1380 910
1381 929
1382 875
514 1383
277 1384
1385 1251
829 1386
1387 329
954 1388
1389 984
1390 543
1391 1043
73 1392
1393 185
1394 118
1112 1395
1366 1396
1397 1072
1398 1154
370 1399
1400 249
1377 1401
1402 565
1403 542
1095 1404
84 1405
1406 1297
1407 1067
1408 1012
953 1409
46 1410
1411 100
1210 1412
1413 523
1414 156
1415 1199
136 1416
1066 1417
1418 1294
1419 1033
1420 265
1421 1137
560 1422
1423 1091
1424 987
1425 970
1426 193
298 1427
1417 1428
956 1429
1430 291
190 1431
698 1432
1433 555
1434 1088
1435 98
1436 871
1051 1437
305 1438
938 1439
1440 374
127 1441
1442 1335
914 1443
840 1444
258 1445
84 1446
1447 809
809 1448
747 1449
1450 1062
259 1451
1452 1104
1453 517
136 1454
1455 807
289 1456
1457 168
1443 1458
669 1459
88 1460
210 1461
315 1462
510 1463
416 1464
1465 1113
1466 21
686 1467
1468 649
554 1469
1470 1023
1471 1425
1472 6
1301 1473
96 1474
1345 1475
1476 1389
972 1477
1478 1001
1479 418
125 1480
882 1481
1482 1364
1483 821
1331 1484
878 1485
879 1486
995 1487
83 1488
1489 1367
790 1490
1491 513
1474 1492
949 1493
1494 615
1495 1247
370 1496
1097 1497
1498 813
1499 1376
249 1500
384 1501
1133 1502
1503 1143
1504 1440
1505 1479
1506 12
532 1507
1508 1027
1509 1439
1510 209
265 1511
1512 18
223 1513
1514 684
1378 1515
1516 670
841 1517
1518 1105
539 1519
202 1520
530 1521
1193 1522
1523 450
1524 1461
203 1525
1526 657
1527 313
983 1528
1529 403
1530 806
1531 779
1532 504
1533 904
1534 638
1535 88
751 1536
1537 1100
454 1538
1539 1064
1540 239
654 1541
1542 1262
1255 1543
1480 1544
1084 1545
1546 274
1547 1352
1548 204
718 1549
446 1550
1551 314
977 1552
1553 1535
1482 1554
1555 1521
1556 196
799 1557
380 1558
1559 1316
1560 194
742 1561
1049 1562
1563 1387
1564 479
18 1565
1566 1212
173 1567
368 1568
1337 1569
1570 802
1571 824
652 1572
1573 1567
1574 217
1575 1096
1576 993
178 1577
1578 308
843 1579
1580 1324
1267 1581
621 1582
355 1583
1490 1584
1585 1004
1586 1503
1587 34
1588 541
1589 763
1590 990
1358 1591
1592 524
334 1593
1345 1594
1595 1174
458 1596
1597 1363
1372 1598
1599 611
1578 1600
1601 1412
1602 618
936 1603
979 1604
814 1605
1233 1606
1607 6
1608 968
1609 1201
1610 1057
1611 271
1612 858
1613 1238
1614 222
1225 1615
1121 1616
778 1617
1287 1618
1619 1112
1620 1320
1621 622
85 1622
388 1623
1624 792
1625 1132
1626 1321
438 1627
1598 1628
905 1629
713 1630
649 1631
1504 1632
420 1633
1634 1443
1635 301
1121 1636
1637 175
1638 633
1639 783
1640 579
1641 123
11 1642
1643 227
262 1644
1369 1645
523 1646
1032 1647
1648 889
635 1649
1650 731
1526 1651
838 1652
1199 1653
186 1654
796 1655
1113 1656
1657 1153
212 1658
1659 226
697 1660
1661 950
1662 1203
379 1663
1196 1664
1665 1621
273 1666
1111 1667
1668 894
854 1669
1670 958
620 1671
1672 624
1278 1673
173 1674
1646 1675
1676 479
1588 1677
1678 129
1679 330
1377 1680
1681 1318
246 1682
1683 768
1684 54
1685 529
1686 1468
1687 1167
1 1688
1689 1291
1690 627
1322 1691
1692 699
1671 1693
1694 667
1695 146
1351 1696
1697 121
220 1698
1149 1699
22 1700
1701 1478
1702 830
1703 424
144 1704
1458 1705
1706 677
227 1707
1708 20
682 1709
1710 321
1711 109
395 1712
1713 1178
20 1714
1082 1715
1716 1282
1219 1717
423 1718
485 1719
770 1720
1721 1433
1722 704
1723 1654
1389 1724
1542 1725
1726 258
1727 723
1728 1029
1729 810
1730 1356
1731 1088
831 1732
1733 240
1734 1714
1610 1735
1736 549
1736 1737
1738 1380
412 1739
1740 682
1741 1350
1742 575
1743 1508
1744 1664
1745 993
1281 1746
1747 1122
374 1748
1749 1369
335 1750
286 1751
68 1752
1753 252
466 1754
624 1755
1639 1756
1757 406
698 1758
1486 1759
1760 135
1220 1761
1762 1495
1763 83
195 1764
1765 527
1766 1489
1767 253
1768 737
1769 361
1770 153
1771 201
474 1772
1773 235
777 1774
1775 389
1776 664
1777 801
1778 651
1779 70
1416 1780
1781 794
1782 1599
1 1783
1784 798
1785 60
1786 845
1787 729
610 1788
1764 1789
1790 1318
1791 674
184 1792
1218 1793
1794 847
1795 816
1796 588
1797 862
1798 1343
286 1799
1800 1164
1801 995
1086 1802
1229 1803
1804 1216
425 1805
433 1806
1807 396
479 1808
1809 812
1810 1080
1811 132
1812 698
1813 453
1814 719
1815 487
471 1816
131 1817
670 1818
883 1819
1820 1639
1561 1821
799 1822
1823 174
1824 1157
1825 323
945 1826
1827 1478
1828 927
1128 1829
1830 1732
1831 1343
1377 1832
242 1833
659 1834
1835 426
1836 1200
1837 455
1838 1484
792 1839
1840 813
1841 1579
1842 460
264 1843
540 1844
1845 1547
1846 834
481 1847
1848 1784
411 1849
1850 331
698 1851
1852 748
1853 710
1854 673
1618 1855
1361 1856
281 1857
892 1858
1859 314
292 1860
1861 166
1434 1862
70 1863
1764 1864
935 1865
1119 1866
1182 1867
962 1868
478 1869
517 1870
330 1871
1126 1872
1525 1873
861 1874
683 1875
557 1876
1877 737
1249 1878
1711 1879
1880 1826
945 1881
1882 167
1073 1883
1884 206
1633 1885
1735 1886
1887 1326
239 1888
1889 1509
1890 205
1891 1072
1892 1375
706 1893
1894 388
1895 472
1896 513
1897 948
91 1898
1551 1899
1900 912
994 1901
1902 55
1903 699
1904 571
1875 1905
708 1906
775 1907
1390 1908
1909 981
1569 1910
1911 1563
922 1912
1913 923
1914 1096
1915 973
1319 1916
1917 126
1287 1918
1919 635
751 1920
1921 1215
862 1922
1923 718
472 1924
1456 1925
1926 1318
1274 1927
1928 1878
634 1929
1930 1859
1598 1931
1921 1932
736 1933
1049 1934
1935 720
1012 1936
1937 1034
1317 1938
1489 1939
1940 1293
1941 1835
1942 524
1943 146
1000 1944
793 1945
534 1946
1947 772
1948 924
1949 1738
476 1950
1790 1951
573 1952
1953 1604
1954 876
1955 1375
1591 1956
966 1957
1599 1958
1959 1815
1960 112
1333 1961
1285 1962
1963 1687
1964 833
1810 1965
1787 1966
1089 1967
1968 631
38 1969
1970 593
59 1971
1777 1972
168 1973
889 1974
1975 1648
1241 1976
1167 1977
1978 1771
1979 256
798 1980
324 1981
1982 989
1983 672
1984 1267
1985 1301
545 1986
1987 966
283 1988
806 1989
1990 323
1991 106
1992 293
1468 1993
1126 1994
1214 1995
1996 909
1997 1401
1998 835
966 1999
2000 32
2001 1503
2002 389
1259 2003
2004 1386
2005 1641
2006 1240
319 2007
1533 2008
2009 958
2010 753
440 2011
2012 1222
2013 1633
1182 2014
1965 2015
132 2016
2017 1738
2018 1517
556 2019
2020 1412
1468 2021
2022 1113
146 2023
1294 2024
2022 2025
142 2026
2027 1999
2028 736
228 2029
1746 2030
2031 1560
1155 2032
1378 2033
2034 13
2035 1892
116 2036
2037 453
577 2038
645 2039
1328 2040
507 2041
2042 1181
2043 229
695 2044
1793 2045
1478 2046
1509 2047
1481 2048
2049 1517
2050 58
615 2051
1988 2052
2053 1975
697 2054
2055 434
17 2056
2057 1343
2058 90
2059 956
2060 1422
717 2061
669 2062
1217 2063
1692 2064
2065 37
2066 902
853 2067
2068 880
636 2069
1515 2070
2071 15
1580 2072
1248 2073
2074 1473
2075 580
2076 1203
499 2077
2078 1620
1102 2079
758 2080
1173 2081
2082 977
1989 2083
1449 2084
2085 1597
652 2086
822 2087
1292 2088
2089 1531
2090 1027
1377 2091
761 2092
2093 826
2094 1281
2095 993
169 2096
1660 2097
2098 1432
1666 2099
930 2100
786 2101
2102 1567
2103 1110
2104 1
60 2105
1187 2106
1909 2107
148 2108
1879 2109
1771 2110
2111 1364
69 2112
2018 2113
2114 292
2115 1276
844 2116
1370 2117
2118 796
2073 2119
2120 80
2121 1834
1530 2122
2123 1140
1433 2124
2125 1558
1392 2126
2127 550
2128 1585
2043 2129
50 2130
738 2131
33 2132
2133 1203
2134 1415
883 2135
758 2136
182 2137
976 2138
403 2139
2140 1215
878 2141
1846 2142
333 2143
2144 166
2145 448
303 2146
2147 1937
560 2148
1182 2149
1665 2150
2073 2151
2152 1987
2153 1722
2154 668
156 2155
365 2156
2157 1036
2158 1714
1549 2159
1744 2160
2161 536
2162 2030
516 2163
2164 1763
1522 2165
1576 2166
540 2167
2168 971
2169 330
509 2170
1252 2171
765 2172
2173 424
2174 1132
1683 2175
2176 1512
2177 1932
1737 2178
2179 1347
2180 184
1891 2181
2182 2123
756 2183
286 2184
2185 795
704 2186
2050 2187
2188 724
2110 2189
588 2190
547 2191
1508 2192
2193 758
1852 2194
1432 2195
2196 453
2197 940
2198 1472
2199 80
2200 1948
2201 2166
2202 437
2203 924
1179 2204
2205 995
1797 2206
1157 2207
2208 125
2209 1590
23 2210
2144 2211
2212 212
1142 2213
2214 532
2215 1972
1671 2216
1285 2217
1604 2218
1867 2219
2220 448
2221 1872
2222 1949
1155 2223
2224 1059
2225 328
2226 33
2227 1610
2228 1646
2229 1660
1117 2230
2231 1458
2232 1365
171 2233
622 2234
2235 983
2236 206
1360 2237
773 2238
2239 706
2240 2222
865 2241
1652 2242
558 2243
2244 1201
914 2245
2246 1815
2247 127
1268 2248
2249 1119
2250 178
2251 2205
2121 2252
2253 1718
641 2254
969 2255
2256 1841
2257 1476
603 2258
2259 1357
2260 1441
1633 2261
191 2262
151 2263
2264 1442
1387 2265
2266 937
1645 2267
2268 476
2269 1818
401 2270
2271 2239
247 2272
2116 2273
1556 2274
2275 1264
1338 2276
2102 2277
10 2278
1471 2279
2280 585
2281 1050
414 2282
441 2283
1238 2284
566 2285
2286 1885
598 2287
910 2288
2289 1191
2290 722
2291 2021
2292 1966
1968 2293
2294 530
2295 2027
2296 533
1442 2297
1106 2298
837 2299
2300 388
2301 545
1772 2302
1830 2303
453 2304
2305 156
227 2306
2307 1601
2308 953
2221 2309
2310 190
1701 2311
1693 2312
1941 2313
2289 2314
2315 312
1683 2316
2317 1886
795 2318
1425 2319
501 2320
2321 1770
1594 2322
2323 957
2324 1025
2325 1992
2046 2326
2327 1330
1728 2328
1900 2329
2330 238
338 2331
761 2332
297 2333
2334 484
140 2335
2336 2134
1438 2337
2338 2301
2339 1153
2340 1871
1053 2341
2342 405
2343 2094
2344 1210
2345 1823
1272 2346
2347 163
2348 252
53 2349
2350 1743
2351 2162
456 2352
1322 2353
2354 568
1897 2355
1461 2356
2357 2306
2358 132
2359 31
2269 2360
2361 862
2362 544
732 2363
2364 604
1921 2365
244 2366
2367 2023
1294 2368
188 2369
286 2370
2229 2371
2372 284
2373 1807
2374 1561
2375 753
2345 2376
1559 2377
2378 1456
2379 1001
2380 1811
1685 2381
829 2382
2383 395
2384 1411
2385 832
1511 2386
2387 825
2388 1762
1560 2389
2390 537
2115 2391
546 2392
627 2393
1811 2394
2395 1093
2396 190
297 2397
2398 568
432 2399
2400 15
19 2401
797 2402
2403 1445
904 2404
2405 1021
2406 764
15 2407
147 2408
2409 259
477 2410
2411 801
560 2412
2413 784
2253 2414
302 2415
2416 142
1873 2417
1355 2418
1669 2419
974 2420
1233 2421
1875 2422
1861 2423
2424 1980
2425 1177
2426 1837
2427 1645
2352 2428
2359 2429
856 2430
1908 2431
2432 2390
2433 435
1837 2434
2276 2435
2436 717
2437 1003
2143 2438
2218 2439
2440 2316
2441 2116
461 2442
2386 2443
1196 2444
374 2445
2370 2446
2447 307
2049 2448
1462 2449
594 2450
1723 2451
2452 658
2453 962
2454 540
2455 456
467 2456
2457 1342
592 2458
2459 1160
1075 2460
2461 39
1277 2462
2463 1350
1869 2464
1976 2465
32 2466
362 2467
2468 1707
843 2469
1520 2470
1816 2471
1191 2472
393 2473
2474 1834
1707 2475
2267 2476
2477 1863
2478 798
517 2479
1833 2480
1890 2481
328 2482
2483 1003
2484 1213
2485 1218
2486 911
2487 1478
1840 2488
721 2489
866 2490
964 2491
2492 1133
59 2493
2494 2334
2495 993
2496 1895
2497 243
2207 2498
309 2499
341 2500
2501 2446
2502 1784
639 2503
2504 571
1484 2505
1397 2506
728 2507
2285 2508
2509 2471
463 2510
2511 1057
798 2512
2513 2163
1977 2514
2073 2515
1908 2516
1481 2517
1644 2518
126 2519
987 2520
2521 1727
1993 2522
979 2523
1813 2524
951 2525
876 2526
2527 113
2528 1120
214 2529
781 2530
2531 1364
1926 2532
1176 2533
749 2534
2535 2253
2536 2273
2537 986
2538 99
2539 1616
861 2540
2541 565
2542 2137
1247 2543
632 2544
2275 2545
2546 952
2547 967
2231 2548
1619 2549
2550 1213
1875 2551
77 2552
15 2553
2554 332
2555 1248
2556 398
2557 2521
2558 766
2559 2115
711 2560
2561 2334
2562 2111
1511 2563
2564 772
838 2565
2566 1277
1513 2567
1517 2568
1876 2569
2059 2570
1851 2571
1729 2572
2573 1592
2574 997
1600 2575
1622 2576
244 2577
2578 303
590 2579
884 2580
2581 1566
2427 2582
2583 692
2012 2584
2032 2585
2586 1645
2587 25
2588 16
2589 1432
2590 2074
2591 2398
1252 2592
2400 2593
2594 207
2595 2067
2596 1130
2597 653
2598 654
2599 884
1418 2600
2097 2601
2602 429
2603 2601
2604 533
2605 2216
2606 2061
2607 1810
2608 1303
2099 2609
247 2610
891 2611
2612 2076
2613 1486
967 2614
1207 2615
2584 2616
2617 1653
2448 2618
2619 1895
1060 2620
1334 2621
439 2622
2623 1666
2624 2281
1691 2625
2626 971
2627 1522
2285 2628
2291 2629
2630 429
1674 2631
2370 2632
2004 2633
1961 2634
206 2635
2636 1235
2637 696
2638 851
2435 2639
1454 2640
2641 2582
1150 2642
490 2643
320 2644
2645 1933
526 2646
2647 2235
332 2648
2649 2042
957 2650
2651 826
2652 1216
2653 1911
2654 1341
2171 2655
2166 2656
2657 111
2129 2658
2659 2450
2660 1793
971 2661
2662 571
319 2663
1064 2664
1999 2665
2666 968
1290 2667
1718 2668
2669 1617
2555 2670
2671 1255
1738 2672
2673 1225
2674 945
1461 2675
2046 2676
2677 1799
2678 883
2662 2679
2680 353
579 2681
2682 1732
2683 245
2009 2684
2685 1534
329 2686
2687 2661
514 2688
1459 2689
2350 2690
2691 1667
1539 2692
7 2693
917 2694
2695 2535
2696 246
2697 798
2698 2454
1327 2699
2341 2700
2701 1779
919 2702
2438 2703
2289 2704
2705 1330
13 2706
2060 2707
1031 2708
473 2709
2710 2070
2711 1582
2712 207
964 2713
1724 2714
2118 2715
2701 2716
1850 2717
45 2718
2719 2253
2212 2720
771 2721
1126 2722
412 2723
1873 2724
458 2725
2726 416
2727 60
2728 842
2729 1308
2730 1671
1453 2731
2505 2732
220 2733
2145 2734
2735 387
2736 708
339 2737
1435 2738
632 2739
1947 2740
2741 2632
2742 2091
2743 2679
2550 2744
2093 2745
309 2746
2747 1544
2292 2748
1837 2749
2750 2059
759 2751
2681 2752
1033 2753
392 2754
67 2755
909 2756
430 2757
2758 1832
2172 2759
2760 2408
1359 2761
2158 2762
2763 2075
2764 2123
2765 1928
2766 877
1027 2767
2768 2393
1717 2769
2770 1091
2771 892
616 2772
674 2773
2774 20
2775 841
2776 254
2423 2777
2778 741
2613 2779
174 2780
1267 2781
2782 2318
1735 2783
1243 2784
2785 857
2786 2557
1113 2787
2199 2788
1943 2789
2790 1430
2474 2791
611 2792
1913 2793
47 2794
1003 2795
2796 2666
1360 2797
2798 539
2183 2799
2800 1826
1804 2801
2802 413
2803 2283
2804 2451
2805 202
1057 2806
2807 726
2808 819
2809 1365
2810 476
2457 2811
2538 2812
17 2813
2814 2242
1395 2815
2816 871
610 2817
2818 181
2700 2819
1369 2820
525 2821
662 2822
2823 19
70 2824
2825 1094
2826 586
817 2827
773 2828
2829 1485
2830 1088
2831 673
2832 195
2833 2359
2834 851
268 2835
2836 495
1705 2837
351 2838
1145 2839
1021 2840
2385 2841
2842 1756
2843 1679
135 2844
1255 2845
2846 779
475 2847
2061 2848
2849 1436
2548 2850
1127 2851
2852 403
2853 1541
1100 2854
2855 482
386 2856
2857 2597
2808 2858
394 2859
1754 2860
171 2861
2862 1676
2863 1043
2864 1858
2132 2865
2866 332
742 2867
2868 936
2869 2808
1558 2870
95 2871
2655 2872
1838 2873
1913 2874
2875 1907
2235 2876
2877 846
2878 1806
1373 2879
2880 1334
2881 301
2882 1833
83 2883
2884 1625
929 2885
721 2886
2887 2301
1829 2888
2889 2881
2 2890
2891 1955
771 2892
2893 1620
2894 1176
2895 253
1120 2896
2897 263
2898 1712
312 2899
2900 2069
666 2901
2902 2782
2903 1055
1441 2904
660 2905
2233 2906
2473 2907
1970 2908
2909 375
565 2910
2911 1785
2912 2395
2913 1552
1680 2914
1291 2915
2916 2721
2917 1559
2073 2918
2919 1626
2920 1581
2921 1739
2712 2922
2923 1868
2924 49
1475 2925
2926 1261
385 2927
2358 2928
600 2929
2930 942
2931 863
2932 731
324 2933
2934 2180
2308 2935
2525 2936
2937 2275
2938 2102
1243 2939
530 2940
2941 1831
98 2942
2943 2162
335 2944
314 2945
757 2946
2947 2216
366 2948
2949 1953
2950 2087
2951 1854
752 2952
624 2953
877 2954
2955 2424
552 2956
2957 1094
1220 2958
293 2959
2766 2960
2961 566
8 2962
2963 164
1670 2964
1774 2965
858 2966
2967 128
358 2968
2969 2482
333 2970
2752 2971
588 2972
2349 2973
2974 2098
2975 2867
1243 2976
1952 2977
2978 2813
2979 267
2980 1754
2717 2981
211 2982
986 2983
2984 2204
2985 1841
2986 2545
2987 1082
1926 2988
1224 2989
137 2990
983 2991
2555 2992
1856 2993
2526 2994
2995 1447
555 2996
2742 2997
589 2998
2999 836
3000 2503
225 13 123 522 387 399 548 787 754 927 644 718 450 387 901 681 959 279 179 19 4 647 1 705 765 432 901 681 156 83 87 516 859 280 720 440 885 507 878 659 662 250 119 184 344 89 294 141 278 153 513 901 707 638 0 425 672 916 688 184 243 75 161 936 369 813 655 212 946 835 903 958 163 164 886 953 112 513 781 674 800 856 197 318 92 804 30 177 167 510 828 485 730 221 119 370 230 129 493 811 366 914 866 210 958 210 641 394 791 634 646 502 487 691 774 855 77 386 980 548 942 483 559 675 708 89 255 467 64 43 461 938 143 307 36 362 834 14 241 604 689 301 891 10 42 168 744 817 184 783 128 266 717 474 125 851 654 529 417 209 81 262 613 52 537 502 496 809 685 310 48 613 829 906 239 58 847 109 73 124 10 223 222 394 574 50 417 496 132 981 562 210 846 233 398 589 60 702 525 498 489 581 846 548 554 370 414 292 994 393 245 436 492 1000 220 459 8 604 165 975 322 593 254 434 129 437 732 797 98 177 70 997 151 593 106 556 485 51 808 243 219 611 287 617 710 978 238 311 460 210 307 625 463 233 282 134 656 385 885 571 199 274 887 218 274 885 627 806 672 412 344 168 769 340 894 270 633 52 800 995 224 728 881 222 843 66 947 635 935 154 418 630 380 393 661 600 558 460 961 986 668 862 597 949 398 646 387 889 108 582 157 706 860 712 455 886 918 690 608 151 248 248 761 483 920 85 808 27 809 840 93 922 305 93 530 525 696 392 840 786 337 410 582 374 11 918 347 99 145 91 887 777 476 694 518 729 62 399 252 535 785 194 611 152 526 921 996 187 604 329 739 649 849 936 518 312 8 941 126 434 62 484 29 973 451 501 388 310 478 990 965 202 605 138 389 7 843 922 210 409 799 529 111 241 719 996 694 720 673 871 205 753 644 71 558 347 563 61 572 79 418 408 977 905 158 96 322 2 526 115 514 104 703 821 774 101 291 386 3 138 48 794 622 801 650 902 888 194 518 114 281 527 149 434 289 158 713 126 844 15 834 287 459 270 102 329 271 989 260 284 510 747 138 317 555 824 97 993 376 597 861 72 441 648 756 235 618 811 904 272 904 849 936 680 487 930 521 612 751 574 731 911 822 597 778 283 790 163 833 200 327 623 619 152 836 776 87 845 412 493 256 878 316 665 805 568 166 988 416 591 316 812 390 220 703 228 64 770 615 815 477 641 302 640 4 700 896 892 975 632 958 504 138 970 244 558 348 489 515 459 344 812 29 739 850 925 969 152 890 440 13 627 314 207 525 314 188 377 805 903 194 819 44 287 68 526 369 923 575 527 82 42 191 697 177 322 70 718 679 801 589 395 782 548 771 694 375 472 370 78 668 549 806 344 686 622 439 317 387 791 854 492 210 890 749 101 547 173 504 796 862 934 760 34 462 653 126 731 657 602 860 76 571 568 568 457 149 586 411 715 315 373 592 150 347 485 249 915 627 498 623 874 989 87 528 759 8 88 49 864 229 311 301 682 441 120 291 112 772 305 343 241 872 353 619 331 922 436 707 854 832 360 217 789 423 325 696 229 336 177 153 89 380 745 959 199 190 516 774 853 221 199 594 415 632 948 262 684 993 140 338 940 866 885 200 839 672 326 121 784 569 337 421 560 620 552 575 647 768 64 789 274 156 173 64 13 817 639 64 951 92 635 583 322 98 286 360 871 1 561 239 137 362 535 92 419 488 948 312 353 672 181 30 947 691 401 497 302 14 93 150 664 30 160 593 51 87 995 521 885 560 355 79 639 549 207 132 481 94 75 394 305 486 319 647 554 326 929 195 163 664 934 941 237 343 669 222 236 742 912 831 199 642 90 897 992 896 843 792 5 557 550 889 970 515 844 497 303 119 639 995 422 175 820 677 20 633 928 640 629 332 963 63 726 751 518 363 53 135 678 632 151 410 492 738 643 544 837 12 480 412 685 840 326 450 449 820 541 802 220 789 247 470 283 128 934 333 455 569 756 630 204 46 885 436 80 982 368 913 939 226 421 99 435 404 398 629 410 952 743 12 520 292 535 174 998 301 423 765 80 658 935 78 152 871 440 437 158 447 926 307 548 562 680 995 118 765 598 25 487 230 506 784 734 415 854 536 493 254 480 0 455 759 348 654 471 281 220 355 443 332 606 263 730 505 470 496 764 868 361 229 310 531 283 740 848 428 927 351 167 477 178 803 849 69 558 217 445 550 360 295 422 952 171 708 900 846 615 692 0 281 958 366 38 680 318 33 462 34 224 731 198 330 744 535 323 435 3 155 536 664 431 611 431 106 727 405 613 957 874 804 13 406 263 808 355 307 309 850 250 280 573 260 667 192 668 220 544 31 633 292 213 352 392 513 805 956 935 593 510 874 516 219 332 146 769 194 916 461 321 279 498 184 454 445 250 516 802 62 48 571 13 378 589 610 453 116 411 895 51 548 674 984 571 481 906 358 2 47 619 413 876 745 51 780 878 738 69 69 431 424 926 391 77 40 267 856 127 584 465 699 954 338 220 683 217 368 71 747 640 303 138 914 926 871 523 372 567 352 645 727 842 112 124 228 198 427 280 982 753 417 457 279 849 618 716 132 77 277 254 236 790 526 256 541 31 843 320 581 936 964 938 313 792 908 664 128 167 141 708 393 481 477 314 574 511 958 410 741 316 542 789 686 602 837 320 959 272 985 172 47 966 150 278 711 273 583 364 221 606 662 559 60 541 839 441 228 475 217 634 658 713 841 948 266 885 776 415 327 663 243 669 624 370 981 285 192 599 598 524 480 70 146 912 646 172 726 103 796 491 390 393 758 948 902 540 661 910 470 277 12 303 390 981 455 353 667 808 777 771 471 521 967 504 193 100 850 294 732 796 21 422 664 549 7 131 225 50 533 788 316 163 315 928 7 34 233 773 186 340 147 987 424 254 788 373 875 690 160 171 294 613 728 233 10 999 872 284 776 402 911 904 864 523 896 696 414 284 230 317 859 373 930 444 394 667 851 541 790 477 464 467 200 569 77 734 845 343 521 37 832 184 149 852 958 791 135 909 770 130 285 103 55 140 601 442 456 831 748 370 643 570 137 151 159 8 621 228 362 546 289 806 238 281 49 298 391 554 631 70 37 472 871 942 17 795 16 507 202 856 338 441 794 355 228 593 703 234 87 5 551 487 705 177 188 627 781 560 344 566 482 521 188 54 235 229 115 954 752 649 929 73 382 779 977 33 255 657 925 616 822 892 590 675 715 408 505 408 821 973 207 750 985 514 331 260 546 731 817 438 554 220 544 897 905 469 156 985 448 738 489 701 342 692 826 941 921 104 181 893 272 918 46 754 683 350 647 865 311 906 903 791 437 831 440 176 343 967 285 683 227 36 620 216 651 974 277 624 123 642 513 292 332 335 518 408 229 442 249 766 566 626 348 436 961 541 168 66 768 825 210 399 4 681 289 178 995 64 441 968 872 132 628 723 14 152 470 535 941 5 588 71 79 850 199 256 315 412 371 985 110 473 892 487 931 142 165 600 57 73 614 773 452 124 598 261 958 622 594 863 862 972 984 255 887 876 633 699 561 663 15 527 273 452 537 393 694 823 131 987 799 594 496 460 304 165 531 717 517 669 567 383 358 701 982 21 884 343 722 112 30 534 689 414 101 486 104 779 847 1 457 257 769 975 814 187 493 991 346 176 38 490 533 431 307 882 509 313 186 274 401 849 26 831 561 560 59 302 509 215 217 630 598 67 807 136 539 410 547 269 513 123 65 993 455 278 367 684 304 967 390 226 407 521 950 570 822 18 14 655 129 648 88 747 127 524 923 241 990 548 230 230 930 410 628 362 279 103 368 391 68 482 516 159 885 546 147 913 845 95 100 273 141 856 296 649 613 853 780 458 148 652 581 739 237 358 72 797 431 173 213 743 65 624 633 185 290 225 402 262 314 853 891 3 969 440 414 158 662 563 996 557 203 554 26 942 777 675 935 286 683 806 11 182 66 207 499 83 842 489 496 783 611 2 218 642 566 717 102 381 684 135 568 175 71 893 471 537 285 404 941 881 24 121 328 121 843 251 952 14 599 148 289 558 810 274 222 768 272 603 209 975 542 640 541 369 471 749 298 865 269 324 943 684 656 937 114 970 519 55 725 619 53 746 30 551 214 869 920 541 960 183 269 772 93 225 375 631 615 667 583 925 849 351 874 253 440 933 420 999 367 982 600 290 856 280 207 102 216 689 901 227 699 8 788 562 576 43 61 272 524 801 656 643 855 574 336 723 385 274 951 857 396 717 72 824 425 908 547 876 590 503 488 988 688 641 190 209 834 192 610 860 480 511 453 597 870 337 957 232 671 960 686 384 691 462 28 286 738 383 319 683 700 734 222 311 446 693 787 613 960 599 863 174 515 601 28 560 648 408 776 436 299 990 901 31 151 343 443 205 183 58 299 568 651 324 221 132 924 136 903 265 153 91 877 848 45 526 685 277 210 742 458 429 517 369 337 665 61 952 657 895 487 535 1000 726 961 565 462 171 966 515 473 603 834 164 6 553 878 430 888 489 697 288 276 854 942 714 744 49 552 471 906 788 808 485 69 665 719 25 976 521 398 346 660 286 919 218 378 39 13 64 983 62 510 418 573 202 54 532 144 571 47 892 935 591 693 845 474 136 372 269 856 970 548 848 813 604 817 287 504 625 841 581 411 836 16 990 574 715 17 837 473 486 640 735 266 567 490 871 390 863 204 109 199 644 919 782 625 995 321 488 755 793 214 122 198 44 510 186 944 295 130 745 48 568 124 547 787 558 173 143 590 959 294 516 306 424 627 659 193 217 689 67 827 567 592 453 74 119 144 781 320 319 387 521 303 913 964 374 44 619 946 283 216 696 378 584 55 997 533 886 760 767 460 446 368 222 229 582 264 765 781 498 463 294 751 390 328 635 827 365 585 753 587 60 797 728 14 862 200 721 372 799 829 581 996 664 815 714 381 706 784 128 763 384 703 929 136 6 386 173 250 782 238 362 148 789 524 712 949 344 64 220 917 267 789 560 623 587 401 156 108 155 238 890 894 682 141 472 51 306 868 77 964 872 286 86 161 474 485 739 894 730 409 65 669 176 509 136 298 854 956 10 265 355 541 148 490 109 241 986 138 986 722 608 596 793 522 745 404 924 456 645 445 944 785 589 832 30 937 739 838 245 678 824 640 559 815 46 23 98 271 213 360 836 483 499 377 26 618 877 44 334 433 714 723 227 716 279 553 534 841 128 909 251 421 587 118 111 67 450 580 569 273 892 729 55 417 689 225 456 508 726 338 137 406 50 679 303 474 445 676 488 497 942 253 903 685 536 449 219 513 985 601 334 770 965 578 923 449 504 616 449 186 961 483 783 683 313 951 548 145 246 730 202 84 166 325 359 596 747 929 186 527 119 222 205 641 857 995 171 895 452 362 877 745 1000 554 235 263 330 147 261 983 928 735 545 163 624 362 168 606 957 479 402 259 760 447 990 876 170 901 89 251 559 537 391 841 511 931 541 167 400 284 323 917 867 243 586 167 439 596 507 893 442 540 63 601 613 238 964 598 913 166 438 845 592 264 334 704 583 681 882 488 92 318 29 767 994 234 382 179 227 710 229 597 895 393 331 601 480 377 588 387 718 197 528 153 270 224 175 273 140 667 268 904 174 875 851 357 347 448 162 896 950 309 151 643 212 452 631 627 623 766 885 668 503 5 365 823 938 731 324 162 690 687 625 157 399 878 996 365 862 493 76 448 874 786 775 238 761 257 617 301 895 35 166 34 816 99 0 954 505 56 620 168 23 742 579 535 523 917 614 424 695 147 986 138 286 423 505 645 286 778 193 902 489 938 351 420 729 139 526 665 936 789 404 107 929 49 890 360 687 652 499 876 544 623 382 453 815 219 39 624 177 207 360 807 147 51 65 882 184 313 653 575 155 583 733 151 897 28 157 718 73 213 682 1000 254 530 103 362 101 699 950 36 76 438 733 391 584 720 105 798 446 776 382 358 333 678 377 485 772 783 871 340 190 274 975 19 762 741 710 881 624 626 261 178 229 893 639 341 41 407 297 56 25 143 523 944 62 5 477 885 678 876 753 939 467 541 341 71 786 897 554 346 672 315 45 642 889 647 188 514 202 380 625 701 614 934 143 716 204 887 448 692 942 537 15 978 808 623 200 265 606 757 51 652 281 162 771 424 213 773 167 694 943 610 630 521 437 638 885 37 676 970 26 353 789 245 283 97 861 982 244 405 489 265 892 230 623 619 783 576 373 221 928 388 540 954 645 281 158 815 751 469 916 235 527 601 432 288 918 856 50 313 59 115 438 385 34 791 861 219 583 352 792 335 896 559 899 726 227 267 746 550 476 494 124 293 954 411 164 240 321 232 560 128 634 439 57 992 294 928 257 295 70 115 657 114 335 292 172 0 307 54 963 931 240 613 368 835 253 358 925 217 424 925 818 345 142 506 326 986 482 339 139 471 813 640 96 660 789 715 421 62 319 180 92 258 348 860 406 997 482 564 670 691 450 422 295 587 40 505 815 289 939 341 900 393 495 197 984 803 749 757 64 821 940 766 895 68 572 997 299 574 420 743 280 876 219 816 878 566 115 434 124 835 87 598 568 461 471 759 993 297 770 419 982 732 510 267 510 730 738 411 681 356 285 733 320 228 233 105 457 132 654 235 131 798 289 511 592 502 534 93 867 262 807 68 372 19 793 528 653 906 488 247 667 870 403 132 726 213 100 187 937 750 809
3000
3 1866
1 1648 994
1 2711 301
1 973 953
2 1248 399
4 1781 158
3 402
3 77
3 1232
1 2605 -458
2 2227 -602
1 1116 -690
1 2284 759
3 934
2 2889 -337
2 2768 -824
2 1199 -145
3 1588
4 1209 2608
1 39 719
2 2390 691
2 1034 952
1 221 514
2 2227 -112
3 949
2 905 270
1 2605 920
4 541 1204
1 338 -287
2 2705 414
2 1462 -970
1 1219 658
3 1003
3 2934
3 1545
4 2144 2767
4 2138 2435
1 1421 -370
4 2 2992
2 2861 -800
2 1909 785
4 1554 2980
3 1459
2 1624 303
4 2893 2405
1 392 -372
3 1626
4 2914 2774
4 373 565
2 551 -758
3 2056
1 2538 92
3 1055
3 1106
3 2453
3 1199
1 1487 -467
1 2705 646
2 1221 -737
3 1774
2 1238 649
1 1200 400
3 2707
2 2329 -894
4 1115 959
4 780 549
3 359
3 656
4 1104 974
3 2718
3 905
3 2398
4 1742 320
2 497 394
2 34 -912
1 533 645
4 306 1981
2 1578 -211
2 2753 690
3 35
1 714 529
1 1202 59
2 636 -740
2 2751 -408
2 173 -656
4 2080 1061
3 2764
4 565 1045
3 1562
2 1166 -455
1 2901 701
4 1320 1422
2 186 833
1 271 809
1 2233 526
2 2046 -577
3 190
2 170 -390
3 985
3 26
2 1220 -20
3 2919
2 1436 294
2 1615 854
2 2257 -168
1 2387 628
4 688 2117
4 2970 654
4 2898 1032
2 2654 487
1 1078 741
4 1663 605
3 1251
3 2966
2 2934 -718
3 1357
2 1447 171
1 1385 -625
1 1706 -462
4 2507 2834
2 1412 -595
4 759 1752
2 1998 -753
1 617 690
2 1897 -29
2 159 -1000
3 1119
2 1990 442
3 2774
1 2726 701
3 75
4 2105 2631
3 2817
3 1062
2 1650 -963
4 2378 1102
3 2869
2 2318 -519
3 2970
2 2540 -721
1 1021 150
4 1332 1845
2 2682 400
1 904 794
3 1932
2 1506 -715
2 517 907
1 2814 745
3 2063
4 2803 1351
3 226
2 717 342
2 207 -79
3 310
4 2696 605
2 334 -844
3 1709
4 2994 759
1 2967 690
4 1640 2327
2 1313 -497
2 2948 967
1 2264 -678
2 191 -397
1 2367 -613
4 457 2657
2 2229 -638
2 158 59
2 2330 992
2 2443 -326
3 3000
2 2935 -574
2 640 -973
2 2572 415
1 762 -81
1 1036 -462
3 1257
2 2285 803
3 2807
1 1797 -551
3 1431
3 2763
2 768 -309
4 2465 1815
3 2898
2 2335 -845
3 1810
3 1952
3 1137
1 2174 -585
4 2748 575
4 2791 78
4 2414 2369
2 287 131
1 62 93
2 1187 428
2 2930 -707
2 2310 -266
2 1373 -187
4 2878 844
3 1618
1 1867 566
2 468 -546
3 526
2 710 782
3 1094
3 2327
3 27
4 2510 2371
3 2930
2 1353 896
3 1631
2 1742 302
1 1859 -897
2 1708 -710
1 1537 723
3 2348
2 2582 -782
1 296 285
3 2373
4 1400 1776
1 1900 -122
4 388 691
3 860
3 1619
3 554
4 2368 2546
1 2808 620
2 1728 321
2 1752 90
1 2707 -485
2 502 -228
3 15
2 1196 -465
1 598 761
3 503
3 672
2 2923 -781
4 1998 747
2 1430 522
2 980 -130
4 2888 2908
3 1973
2 75 -585
4 2543 2933
2 799 291
3 1925
4 1520 39
3 2329
3 2841
1 955 22
4 1789 395
2 1726 31
4 1826 2742
2 1472 541
2 117 -300
2 1388 -916
4 601 1519
3 465
2 1403 739
3 608
4 2648 1445
1 2278 81
3 1326
1 145 -22
1 2574 531
1 2975 -978
1 243 765
1 731 961
4 2884 2950
1 1309 -764
4 598 77
3 502
4 1698 1265
3 987
2 427 -874
1 2596 235
1 2259 -670
3 1935
4 250 1007
3 1989
3 1055
3 624
1 1134 -126
2 1067 -461
1 1942 -846
4 2452 2961
4 1854 2512
3 1499
4 2639 434
4 157 2361
1 1795 224
4 1643 775
4 1138 2903
4 2260 2311
3 2359
1 1387 324
2 1537 -928
1 2013 849
2 2093 32
2 1188 -781
3 584
4 2402 774
2 1884 -738
3 1200
3 697
3 2813
4 1766 28
4 968 1572
1 1676 431
2 2743 -413
1 1290 -4
3 2335
3 2707
3 1744
2 577 257
3 2230
4 31 505
1 1276 619
4 929 592
2 600 -37
3 2393
3 2807
2 1945 72
1 1678 -866
1 1412 -184
4 2115 1220
3 1659
1 824 -644
1 2213 -53
1 974 -414
2 2376 33
1 1351 593
2 2732 138
3 346
1 6 99
3 2719
2 2837 844
2 2744 863
1 459 438
4 964 1230
2 1361 -763
4 1538 376
3 1051
1 2971 422
1 825 -435
3 1021
3 1294
3 1206
1 441 627
3 1747
3 1917
4 2750 358
3 2528
3 24
1 1276 238
4 2547 2657
3 2597
2 22 -360
4 2638 1909
3 2289
4 605 2780
4 42 1466
1 2921 177
2 149 -156
4 2468 1284
4 22 547
1 2116 -525
4 1008 2061
1 1898 -131
2 2526 -952
2 2146 -531
3 2276
3 16
2 1304 -104
1 2852 113
2 1260 -736
2 311 949
4 1802 1003
2 432 -106
3 1871
4 1739 1372
1 92 286
1 1335 255
4 983 2705
3 1676
4 2912 1935
4 1167 437
4 1544 2706
4 1612 790
3 1472
4 1650 2360
2 2848 -11
2 2767 348
3 1593
4 1119 2224
4 2037 650
2 2948 -557
2 2401 -935
3 1005
4 1929 1509
1 626 90
4 2725 1029
1 684 -218
1 1567 928
3 21
1 474 712
2 1453 746
4 820 1560
1 787 466
3 712
1 1807 658
4 1370 1593
2 2734 865
3 1491
2 2208 183
3 2033
3 2437
3 907
1 102 -527
3 1574
3 2946
3 2483
2 2716 175
2 2780 -196
2 2720 -283
4 746 380
1 1453 538
2 2433 217
1 2335 712
1 2717 173
2 1775 517
1 2850 616
1 1775 -61
4 2458 622
3 2166
3 1408
2 1233 -527
3 1783
2 2438 -249
3 1074
1 2928 -422
3 1707
2 360 324
1 1935 -295
2 1406 4
2 475 384
4 1834 2214
2 221 206
4 2569 2164
2 1008 947
1 1064 398
4 1740 811
3 2812
2 2599 -502
4 1984 2271
1 672 -496
4 574 874
2 561 728
3 1767
3 2133
3 923
3 654
1 1772 -52
1 191 -200
3 79
2 2335 966
1 2221 828
2 2666 167
3 2482
4 1479 15
2 1052 -754
2 1076 457
1 2547 283
4 1066 2875
3 965
4 2592 330
2 2100 10
4 60 76
2 674 177
4 257 429
1 1529 606
1 1548 -693
4 1879 1042
2 2456 -357
3 1985
3 2011
4 2680 140
2 775 612
1 1565 -483
2 1142 -823
3 2879
2 2153 186
4 2566 2161
3 2799
3 1373
2 660 914
4 1135 2837
3 739
2 2039 -547
1 1029 367
3 2824
2 482 577
3 1881
3 1272
4 2105 964
3 272
4 2816 1061
2 2382 -975
1 1112 879
4 2888 490
1 675 -177
1 1010 160
2 1424 588
4 2629 449
1 463 -121
2 1150 -282
1 328 -222
3 173
3 1781
3 2014
1 1142 -425
2 1131 987
2 965 -865
2 491 -555
3 1638
1 2057 122
2 1049 -636
4 1512 2436
4 347 1584
4 1220 771
4 2311 1925
1 1081 17
1 1219 792
4 1239 2440
1 2775 417
2 937 291
4 1111 665
4 2443 562
3 2888
1 2335 -249
1 321 -773
1 1570 101
2 1904 -300
4 474 2260
2 441 -484
4 107 386
3 2257
4 224 916
2 2522 426
2 5 489
4 2271 963
2 1548 -889
3 2621
4 902 1910
4 2067 2324
4 2128 1686
2 2215 530
3 375
2 2596 -481
2 1382 -702
1 1620 353
4 2312 975
4 1114 327
1 303 114
4 2491 788
1 2242 -600
1 230 -738
3 967
4 1888 328
4 601 2039
1 1651 40
2 2383 -314
3 287
4 2240 2425
3 2264
3 2477
1 46 511
4 2968 725
3 2
4 611 2182
3 2880
4 45 524
3 19
2 2636 819
4 1450 937
2 1087 696
4 899 2570
1 20 383
3 1477
1 100 367
3 297
1 972 103
3 2242
4 2373 373
2 2830 167
4 2771 669
4 509 2718
1 683 -114
3 1892
4 1396 1366
3 1493
3 526
4 1925 2262
3 1841
3 178
1 1988 29
3 452
1 2825 217
4 1399 2397
2 1819 283
4 2979 1619
2 256 490
4 2751 971
2 2201 214
3 1653
3 1848
1 2805 733
4 2314 1926
1 1479 625
3 2487
3 2213
2 2726 44
2 356 -173
2 2821 716
2 1010 -268
2 2434 882
3 1233
1 1115 934
3 1927
1 1359 -355
3 2959
2 514 -689
1 2494 894
2 534 840
2 194 259
1 1084 766
2 2084 -704
1 2904 -30
1 553 -250
1 282 138
2 996 -862
4 621 1249
1 1839 -52
4 1601 821
4 2291 1223
2 1614 -943
2 2848 96
1 2603 261
4 318 147
3 2622
2 2165 -58
2 294 -367
2 1619 -577
2 366 -664
2 708 -592
3 2854
1 2985 613
3 276
4 2645 345
1 1166 -632
1 2687 -279
3 817
2 2928 -156
3 195
3 847
2 2020 410
2 797 465
3 2780
2 1497 488
3 771
1 2337 126
1 74 678
2 2483 13
4 1151 1114
4 255 2177
1 2342 544
1 2088 267
1 2831 973
1 2085 -716
1 53 854
2 1090 739
2 2699 187
1 2357 122
3 1584
3 1004
3 496
4 453 51
3 1939
2 2060 -982
4 1023 1756
1 2523 970
2 185 -310
4 1647 2216
3 2230
4 45 698
2 2334 404
3 1835
3 1187
1 107 -19
2 551 -43
4 1126 2489
2 108 766
2 44 873
3 2682
2 1615 -752
4 1767 1247
1 2371 893
2 758 342
4 1390 87
4 2347 2037
2 2142 691
1 1787 -637
1 5 -392
2 482 430
1 1685 -183
2 154 -944
4 2565 1445
3 2479
4 189 2866
2 932 -499
2 262 727
2 1619 -487
3 1880
2 944 -603
1 1768 -328
1 1580 823
1 2604 -758
4 1324 1994
4 888 43
3 894
2 2639 -956
1 1989 937
1 1772 -131
3 59
4 2281 709
2 2044 -281
3 2603
1 2633 679
2 2699 944
4 186 1399
2 2899 -292
2 703 -80
1 1059 -278
1 910 205
4 2565 1163
4 150 645
3 2553
3 2333
4 160 179
3 1235
1 138 89
3 2637
1 1928 202
4 1074 1974
4 1727 2971
2 2062 574
2 1030 -269
2 2360 -280
3 2434
2 1901 -448
2 2006 79
4 2155 1097
3 2903
3 125
1 2486 -729
4 1514 584
3 1732
3 2036
3 2092
1 316 519
3 1566
3 2079
4 855 1412
3 637
3 262
1 1448 931
2 1110 -40
3 2043
3 2148
1 1260 -611
3 1465
3 570
1 1869 -795
3 1886
4 2540 1789
4 1436 1049
3 1961
2 662 651
1 2398 -480
4 1471 620
2 1566 325
4 1287 1957
3 1354
4 2368 2929
2 335 -677
4 2067 79
3 249
3 1404
4 477 1062
4 2129 2446
2 93 670
2 1879 273
2 818 -105
2 633 -24
2 2980 -706
1 1355 -542
3 2496
4 640 612
2 1300 -838
4 2389 1865
1 1406 -448
3 226
4 686 522
2 1934 847
3 729
2 2397 -246
1 558 710
1 1493 135
3 1311
1 2392 -219
1 2048 -874
2 2738 288
2 1599 -603
4 1147 2512
1 343 -29
3 2417
3 1956
4 1704 10
3 2547
1 1494 198
4 2864 812
3 2018
3 1916
4 2909 1526
2 645 52
4 1200 1931
4 344 1033
2 2618 237
1 10 -25
2 782 842
4 828 954
4 2816 466
3 2991
4 2230 1890
2 2383 880
4 309 1088
4 2293 2398
4 2927 527
2 1613 -533
3 2183
4 2212 441
4 1714 2558
4 457 1464
3 1694
3 442
2 1269 813
3 1920
2 1858 415
1 1427 827
3 38
2 988 577
4 2487 1105
4 2358 26
3 276
1 1568 633
2 566 785
3 2708
4 2197 1165
4 1479 2345
4 2367 358
2 331 593
1 1714 168
1 1752 -244
4 1707 2745
2 2705 975
3 2127
4 2220 1301
3 1104
1 700 -305
4 1353 2025
3 731
3 1348
2 1552 -285
3 541
4 2533 296
4 1701 791
2 1857 61
2 1841 -646
4 556 787
2 2096 -66
4 2254 568
3 596
4 2892 2291
4 690 2060
4 1017 1849
4 2934 282
4 2172 2336
1 568 -785
3 1022
3 1959
1 2078 -401
4 39 52
4 2480 33
1 2401 618
1 280 664
3 2246
1 2333 -6
2 831 471
2 394 -624
3 2100
2 2873 794
2 1917 824
3 1839
3 471
1 1808 -715
4 1605 2166
4 971 966
3 2276
4 1646 1125
3 781
3 2463
3 2954
3 2262
3 2179
1 958 509
2 2688 768
2 703 -904
2 2425 328
2 2526 -165
4 1582 115
4 1674 592
2 561 -263
2 2039 908
4 919 62
1 1577 -361
3 55
1 1971 -486
3 13
2 117 -760
2 25 -998
3 1822
2 451 96
4 1869 1594
4 1002 2750
1 2939 942
1 105 826
2 2361 -567
2 878 619
4 2791 1883
2 1452 -933
2 519 937
1 51 -39
1 1493 183
2 957 671
4 2662 831
4 2618 1253
4 371 1261
1 267 431
1 139 -410
2 2429 745
2 102 584
4 627 189
2 676 -589
4 1983 2516
3 1394
3 2209
1 280 555
3 2909
1 1014 377
2 2194 -396
1 2895 36
3 1800
1 1320 254
1 2649 718
2 673 -388
4 1279 2761
3 1814
2 2657 -311
4 2204 783
4 185 1537
2 818 657
3 662
1 2244 526
4 1300 1553
4 2787 608
4 1531 2754
4 812 1776
3 1265
4 1460 722
1 236 592
1 1446 -466
2 929 577
1 809 -12
2 279 292
1 1629 273
1 223 245
1 2272 712
2 6 -382
1 1899 19
2 1617 992
2 2880 847
1 31 -823
4 1480 374
2 2925 789
2 2455 658
4 328 386
1 1194 -95
3 1322
4 2690 1289
3 651
3 1338
1 1530 623
1 1585 -286
1 1181 -879
2 1737 -147
4 2448 1852
3 1217
3 606
2 1524 521
2 741 -106
4 2041 649
1 2434 819
1 75 828
2 2113 174
2 796 355
1 604 -99
3 325
3 1059
2 2840 290
2 1262 295
1 587 245
3 2171
1 2427 -605
2 2042 -544
3 2679
4 1343 1474
4 1729 1975
2 2166 -979
4 2914 392
2 1354 -560
2 2146 -724
1 850 -340
1 984 -860
4 1827 198
2 1686 104
1 2909 369
1 968 -356
1 1555 17
1 2644 -274
1 785 -192
2 2462 237
2 969 596
1 102 -879
2 2475 218
2 2328 -160
4 717 608
2 2354 -234
3 1372
1 1264 781
3 1347
4 2983 2005
2 1076 429
3 1623
3 2922
3 1747
4 2435 2957
1 312 809
4 1130 1746
2 2135 686
2 1933 81
1 1483 -884
3 1783
2 2704 -407
1 2797 303
1 1051 -12
3 2519
4 2991 164
2 1259 548
2 2328 -895
1 1397 110
4 474 365
1 2692 -922
1 1589 399
2 2904 869
4 1967 1220
2 2478 169
2 97 812
3 1773
3 1689
1 2410 185
4 2139 2353
1 1555 102
4 646 752
2 1265 543
1 208 -735
3 1708
2 2900 36
2 550 858
2 2645 -491
1 239 -272
1 2824 475
4 1726 573
2 396 -754
2 2831 661
4 1966 2301
2 2676 592
2 350 -714
1 1639 493
3 1437
3 2805
1 2299 -514
2 2798 -76
4 2240 1456
2 132 528
4 158 2717
1 2220 -573
3 2088
2 2073 -682
1 2391 320
3 1374
1 672 692
2 1665 -155
4 2304 478
3 1691
2 198 991
3 2366
1 1570 412
4 1947 1408
3 1512
3 1626
2 1888 -683
1 2920 -677
3 2824
3 560
3 1750
2 351 -177
4 2513 1345
4 2706 2300
3 106
2 2931 -643
3 1103
2 201 -223
2 765 618
2 574 -537
2 2890 -27
1 608 607
3 2944
2 7 -619
4 1215 1460
4 1675 2679
2 1386 -608
2 1171 -299
3 2269
1 317 794
4 1655 489
3 2434
2 1883 -279
3 2262
1 2538 86
2 2630 404
1 2779 -799
1 837 -745
2 1188 -170
1 171 883
3 1869
1 363 952
3 1587
4 1036 2906
2 2227 857
3 474
4 2967 2038
4 2847 691
4 757 2836
3 2740
3 2742
3 312
2 1618 -523
1 2520 -79
4 2935 2402
4 2642 1389
4 1034 10
1 2732 -823
1 1866 -475
2 2569 409
2 1562 -991
1 2876 694
2 2496 -258
1 2767 302
3 440
2 94 -228
3 2358
4 162 1381
2 422 481
3 872
2 2608 -314
2 215 -375
1 2515 -250
2 1413 127
3 540
4 448 1345
1 1182 -533
3 2443
4 1096 1237
3 2550
1 1554 403
2 1980 689
4 1216 789
2 2212 371
1 2985 777
2 1491 143
2 1053 -59
1 1712 -733
2 2308 -522
1 927 571
4 1025 2302
1 136 -80
1 1678 165
1 1450 -980
3 2235
4 2349 2603
1 1609 -816
4 154 2902
3 114
1 1949 795
3 1827
2 2744 -152
3 305
2 2240 -165
1 2424 -162
1 2507 -905
3 1185
3 7
2 1269 65
4 1462 1844
3 2804
1 1239 -273
2 1201 -737
3 2118
1 2719 282
1 440 680
3 2431
2 2462 -329
2 2734 758
4 86 2412
4 2363 1788
1 467 187
2 1632 -736
1 1892 410
2 2111 -947
3 668
1 188 -621
2 394 -487
2 2538 319
4 734 2221
4 1064 2346
2 2562 -327
2 1900 767
3 2871
1 2568 -794
4 2833 1706
4 2008 1328
1 2951 -111
3 2194
2 751 241
2 617 -903
4 738 1585
2 1336 -273
1 1650 -547
4 131 2117
4 2479 1178
2 1685 890
4 2916 2988
1 1243 70
2 240 259
1 2724 461
4 238 1909
2 1370 -75
3 2897
4 2027 914
4 1624 168
1 839 104
4 200 2064
1 2482 504
4 2810 511
3 1957
2 1287 -437
2 25 380
3 2791
4 610 82
3 1211
4 1898 2223
3 689
2 436 -423
4 45 603
1 2524 -682
2 2785 93
4 1260 2125
2 1513 951
3 2509
1 2182 853
1 1043 766
4 248 2868
4 1236 883
4 1390 1568
3 2230
3 211
2 1944 769
2 1808 -393
4 599 2284
1 2245 445
4 634 2877
1 1561 341
1 2403 -916
1 2546 -825
2 2714 -130
1 371 -582
4 563 2652
1 1428 921
3 923
3 1248
1 848 940
1 239 267
2 2146 304
4 1433 672
4 2940 1059
2 286 -896
2 656 -620
4 57 625
1 1556 891
2 297 20
3 2016
1 1219 -268
4 2380 1837
4 1999 1129
1 128 -890
3 2600
1 2304 154
2 243 975
4 1539 1947
4 276 1021
3 2461
4 1234 1914
2 756 -787
1 990 274
2 1233 662
4 410 2264
2 1169 -466
4 2079 1790
1 824 -768
2 1907 112
2 1098 987
1 2634 790
2 40 -756
1 1716 -597
3 2468
2 1087 884
3 375
3 2012
2 669 -972
1 254 122
4 1655 1600
3 1994
3 2381
2 352 214
1 2770 -508
4 2724 1869
2 1753 387
4 1950 2255
2 1936 154
1 1071 -77
1 1937 -71
2 1724 40
1 1195 379
4 67 1096
2 1463 71
3 1656
4 2859 803
3 1368
2 2066 -463
3 2085
3 2225
2 2351 352
3 37
4 1650 2608
4 1539 1530
3 97
3 681
3 1339
2 1430 1
1 530 -872
2 2304 365
2 500 807
1 1941 -42
1 1596 -854
1 1278 -349
3 2043
2 540 -513
3 400
1 682 919
1 876 -640
1 2004 622
4 1198 2548
2 631 -676
3 145
1 414 184
2 830 279
3 2817
4 2401 363
3 217
1 556 -639
1 1481 677
4 2419 1597
1 1629 -919
4 322 2735
4 574 2227
3 390
3 903
3 2438
2 1810 272
2 1038 367
2 798 814
4 131 2878
1 2801 659
2 1526 -101
3 1197
4 1289 238
3 493
1 1593 108
4 2885 1792
3 2040
4 2545 611
1 1273 602
2 758 374
1 1196 -908
1 2202 -206
4 2304 1009
1 2170 -687
2 1232 -455
1 802 -777
4 166 1453
4 361 1017
1 141 -544
4 994 2611
3 2539
1 1761 642
2 1044 361
2 1695 922
2 2446 -946
1 1876 431
3 2222
4 1227 1587
2 2537 99
3 1050
4 270 2937
4 2085 842
4 948 2391
2 1884 -391
2 116 -231
2 932 396
2 396 -108
4 2086 2270
1 1812 38
2 382 -742
2 720 -540
3 509
2 836 -396
1 1663 648
3 283
3 1482
4 2061 30
3 2996
3 1389
1 1628 490
3 2568
3 363
1 2403 882
3 895
4 382 1640
4 1991 2339
3 1950
3 2620
2 2760 -61
2 1392 -72
4 2628 1854
1 2287 190
2 1181 954
3 1056
3 2242
4 777 1000
1 2735 88
4 1828 471
4 1997 2370
2 1220 237
4 343 2412
4 2464 3
3 1732
4 1841 2012
1 1769 -873
3 772
2 702 -203
4 2251 1164
4 2383 2986
2 2380 -434
1 1686 7
4 1933 2428
1 2475 -439
4 232 907
3 492
2 2641 775
3 396
2 70 673
4 2438 2749
2 2303 485
1 2961 -57
2 1899 183
4 1323 2476
2 578 -510
3 416
4 2679 1998
2 1877 -870
2 2183 11
4 517 2234
3 2319
4 1807 2086
3 212
4 2840 2555
1 1514 -214
3 34
4 1970 326
3 2907
3 2269
2 2436 -82
4 2887 998
4 2883 309
2 225 -521
2 1792 16
1 32 611
2 1030 305
3 1690
2 2443 946
3 1645
3 852
2 2540 453
4 531 688
3 1637
4 1370 519
2 1351 605
4 1754 1622
4 408 2225
3 1601
1 75 -596
2 232 925
3 2133
1 1660 303
3 2843
2 2537 481
2 1379 -946
1 2191 -932
1 150 247
4 2280 2255
4 2765 272
1 371 -582
3 2677
2 430 -293
4 887 755
1 1600 759
2 1133 -94
1 1355 -155
3 783
1 2448 -235
3 2774
3 952
4 843 2326
2 65 414
3 333
1 815 -56
2 1701 717
4 1228 2247
2 534 -612
4 1038 60
4 2674 1408
3 191
1 1519 -848
2 2530 -815
4 68 1042
2 858 946
1 191 147
4 2946 2057
4 640 2069
3 775
1 1790 832
2 1329 329
1 1643 816
1 2926 882
1 472 232
1 653 64
4 2329 1530
1 1950 806
1 1053 668
1 1028 726
3 2032
4 2033 270
3 1370
1 911 44
2 1192 -572
2 472 -68
4 694 1209
4 596 229
4 670 120
4 2368 1903
3 1121
3 1562
3 30
1 242 432
1 489 -690
3 759
4 1962 1026
1 2260 228
2 1201 688
3 240
2 1783 -44
3 2046
1 945 -872
1 145 441
1 243 -846
4 890 2684
1 1929 127
2 1296 252
4 1692 2091
2 732 736
4 856 1853
2 1514 946
3 226
1 906 -284
3 972
3 2043
1 29 -253
1 2198 -600
2 817 -164
2 466 531
2 200 -204
4 500 874
3 348
4 2929 2959
1 1745 -931
4 1735 838
4 2918 613
4 2339 1606
3 611
1 1144 -721
2 2921 -355
2 1253 716
4 525 1684
4 1173 927
2 1249 393
3 574
3 1844
2 2519 505
2 2253 -330
4 347 1250
3 2574
2 1779 72
3 2676
3 444
3 183
2 1703 -583
1 1847 -516
4 2054 211
4 2709 2684
3 2326
1 1611 -477
4 1050 818
3 2663
4 1785 2641
4 1767 1266
1 1393 570
3 65
2 2516 -338
3 1808
2 1513 320
4 548 2166
4 799 372
2 995 -43
2 2184 -272
4 1361 776
4 169 1527
2 2423 -646
1 2028 -607
2 1414 813
2 2768 567
3 296
1 1432 -454
4 469 1801
1 673 -220
1 1151 77
1 1566 -450
3 2666
4 1769 1514
2 1151 -295
3 1956
3 2579
3 326
1 1516 993
3 637
4 2039 1927
1 577 85
1 50 -375
4 2930 1375
4 632 1844
4 1727 1189
3 545
1 757 -501
4 369 1437
2 672 410
1 2429 517
4 1587 2820
1 2746 -76
3 1538
1 2572 270
2 999 140
4 655 1514
2 1597 456
2 1197 80
1 1473 -252
1 300 3
4 2576 2274
1 2293 -244
4 366 960
2 2021 -807
4 506 1685
4 636 2523
1 1561 -10
4 1638 1423
3 2822
2 2027 -567
4 2792 1180
4 246 2490
1 1024 949
1 2047 -903
2 987 419
3 2738
2 1747 56
1 1296 -635
2 2215 -811
3 2169
2 2306 450
1 848 -375
2 1171 -969
3 852
2 1116 -515
2 1433 -145
4 1363 1607
3 1630
1 1503 -445
4 2627 1069
4 2042 1444
1 503 943
1 2946 330
2 892 957
1 519 480
4 2582 2809
2 1455 570
4 855 1827
1 309 786
3 1030
1 1715 114
1 1559 168
3 2641
3 1036
4 2414 1392
4 2774 2027
4 81 728
1 2765 -37
1 637 -275
3 2065
3 1853
1 275 -297
4 2385 1215
3 1897
3 2839
4 1212 2037
3 1850
3 280
1 1229 -322
1 1672 962
1 1114 -394
3 272
2 1235 186
2 267 -912
4 614 2762
4 2775 2436
4 222 2077
4 663 2916
4 38 558
2 2670 349
4 1713 199
2 984 689
4 1620 1011
4 2298 2000
2 2628 -765
4 326 2744
4 668 2377
1 2803 -285
2 452 161
1 2508 -497
2 1129 -462
1 616 -791
1 2393 -843
3 791
3 1261
1 606 -758
2 2219 140
4 110 1856
1 1771 -364
3 639
4 2441 1084
1 1500 -579
1 1603 -501
3 1413
1 1025 -570
2 301 -29
3 1406
3 2500
2 1452 -251
2 2129 -949
1 2301 -937
2 1072 402
4 1897 610
1 1676 746
4 1502 814
4 1603 2037
3 2637
3 526
3 1262
1 574 682
1 1147 -187
2 2663 874
2 199 -604
2 736 3
2 1470 -634
3 893
3 711
2 1068 -667
4 1345 366
2 1989 447
2 433 496
3 2269
3 1681
1 2649 693
1 1347 11
1 2400 -304
1 1723 642
4 1536 740
3 1349
2 189 324
1 2992 627
4 2204 501
2 510 -890
4 2265 176
3 889
3 1832
3 453
4 2539 2922
1 2652 -660
4 2808 1795
2 519 752
4 549 24
3 2286
3 2691
3 1914
2 2749 547
2 551 -816
1 2274 82
2 2648 987
4 2827 892
3 1866
2 2552 29
1 1988 60
4 1479 80
4 463 1953
3 2672
4 638 1768
3 1422
1 2321 145
2 2851 296
1 2476 270
4 1954 2180
3 1374
1 2678 613
1 117 -118
1 207 -650
2 1588 -645
1 25 -691
1 1481 -386
4 507 2561
3 1238
1 1813 -446
4 2420 1796
1 2446 -415
3 2879
2 1077 -736
4 1220 1805
2 815 162
2 103 -207
1 1533 -444
4 2843 1220
4 2190 2980
1 1004 -470
3 2425
3 387
3 2759
3 1140
2 1160 -949
3 1604
3 1768
1 886 600
1 972 47
1 1633 147
4 936 1989
4 1279 2877
1 123 -318
3 1885
4 2249 478
2 1123 988
3 2188
1 1542 574
4 1846 2871
2 1120 131
2 223 636
4 2383 101
1 2457 -147
3 1262
3 2070
1 960 366
3 317
4 2190 2490
4 2609 2988
4 1162 2228
1 1059 606
2 1815 401
2 1195 -147
2 2820 -664
4 1408 336
2 662 -790
1 285 961
2 2236 586
1 811 -452
2 1277 341
2 2273 915
3 247
3 2429
4 2132 2576
3 2420
2 624 64
4 941 282
1 2031 341
3 1005
2 2007 60
1 1998 715
1 2860 343
4 821 2066
1 1624 372
4 1842 2282
2 1784 185
1 2908 -511
2 838 -93
3 2721
1 18 701
3 2095
2 2425 -280
1 2254 284
1 2740 -615
1 1971 -423
4 420 953
4 2657 2095
1 2253 294
4 745 2964
1 508 71
1 521 39
3 1625
1 121 -267
2 2741 -834
3 1763
1 1884 304
1 1288 -295
2 83 -442
1 872 593
1 812 204
2 586 987
3 2050
2 322 173
4 1161 2210
1 2834 991
3 676
2 930 -765
1 2203 -418
1 607 -269
4 1755 760
1 1757 214
2 2924 473
4 598 121
1 563 -326
3 1080
1 1765 29
4 2458 2481
2 2630 -672
3 1412
3 2478
4 2646 517
3 2370
2 737 806
3 1174
4 2125 2018
1 590 -839
4 77 2835
2 2417 -388
2 2410 -248
1 826 306
3 215
1 690 298
2 717 387
1 278 802
2 1399 -366
1 1066 326
2 2950 139
2 568 -703
3 1273
1 2496 -883
4 2413 64
4 935 265
4 399 2224
4 392 1299
2 1050 664
1 2886 -461
3 1492
4 2142 131
1 2649 -739
2 1906 550
1 2312 460
1 862 824
4 337 1450
1 865 -884
2 449 -440
3 760
3 2666
3 2180
2 470 -698
4 620 1159
1 900 428
3 1271
3 1292
1 2023 -709
3 906
1 145 382
3 2921
1 1063 480
4 2143 1580
3 1956
3 701
3 185
3 2595
2 2439 -67
4 185 2410
3 697
3 1027
4 2994 2985
2 1439 -999
3 154
1 96 271
1 1543 -934
3 138
3 1549
4 2989 2276
1 2490 -824
3 2565
2 1945 580
3 1253
1 1437 880
1 2765 -162
1 2505 487
1 1309 -911
1 630 395
3 1428
4 2750 1480
2 2950 912
2 474 449
1 962 -812
1 2478 327
2 2197 312
2 2026 423
2 2341 508
3 210
3 541
3 788
2 2009 -578
3 856
1 2560 -168
4 1485 1296
4 1284 573
4 1739 762
3 332
3 1616
4 2337 1515
2 327 -214
4 578 2202
4 2505 1347
4 2063 654
1 486 -881
3 1743
2 1020 154
1 2758 534
4 886 2883
4 1208 42
2 54 -551
2 2200 -721
1 2165 -99
1 628 117
1 76 -272
2 108 -442
4 206 1673
4 2598 2361
3 2251
2 2526 -206
1 1063 353
3 1768
3 2626
3 1931
1 1221 387
1 856 -554
2 1092 -314
3 398
2 2439 522
2 2894 -274
3 2306
2 845 -215
1 2241 -785
3 1989
1 182 -911
1 2206 -723
4 1071 529
2 2482 -292
4 1397 2066
2 467 365
2 39 -503
1 28 -250
1 2209 185
3 2558
3 2594
2 2216 -760
3 415
2 1180 -48
3 2074
3 1554
2 1213 -140
2 1066 -863
3 183
4 1650 2301
4 2674 882
4 1136 676
2 457 -990
1 373 -993
4 394 1954
2 2160 -307
3 2833
1 2837 -548
2 1209 784
2 2244 208
1 1054 -320
3 2968
3 559
2 1643 906
2 1205 -385
1 1276 -247
4 1724 1308
2 1392 -187
2 737 -423
3 1059
3 2902
1 876 136
2 2074 -228
2 414 -441
3 1040
3 1962
2 1692 981
2 2371 38
2 1132 8
3 1901
4 2829 2143
3 536
2 2671 -213
3 1743
2 698 277
1 1430 246
1 98 -136
2 2422 526
2 2527 -985
2 1593 -90
4 738 2130
1 2164 609
2 2406 -670
1 2105 657
1 1971 528
1 1568 421
2 2300 -837
3 1589
2 642 -314
1 477 -346
4 449 264
3 2106
2 1616 -632
4 685 806
4 1549 850
4 2454 2920
2 2402 672
2 1098 328
1 1398 -888
2 1960 303
2 2483 395
3 1122
4 1560 1558
1 2997 171
1 685 593
2 965 -626
2 2081 -938
4 859 2004
4 2333 709
4 2331 750
4 1306 1058
4 354 705
3 572
2 145 313
2 1671 771
4 1820 1501
2 609 559
3 2528
4 711 2254
2 588 596
4 2226 621
3 940
3 759
1 13 91
3 1453
4 552 2367
1 2542 213
3 1607
2 2496 665
3 2363
1 1093 61
3 1492
4 2735 2862
1 1217 -351
1 2183 -777
1 1903 -590
2 358 21
4 572 2002
4 2432 2788
1 630 429
2 2262 276
3 2659
2 341 -849
3 2888
3 1874
4 2690 2324
3 1535
3 2243
3 1178
2 447 -17
2 1826 787
1 1441 -778
3 983
4 821 2458
3 113
2 728 -691
4 2333 877
1 2643 157
3 279
1 1193 385
2 722 507
1 1409 -360
3 2513
1 1404 594
2 619 -712
1 723 -518
2 337 198
3 1920
3 2889
4 126 1427
4 1469 1833
4 2335 1699
2 1594 254
2 2417 -681
2 401 799
3 2285
3 1120
2 1649 -808
3 1193
2 1786 990
1 1193 584
1 1884 871
3 692
1 441 -807
4 1164 473
2 1614 -183
4 401 88
4 1402 2675
1 2976 -695
1 2834 -296
2 1889 159
1 748 -274
1 25 669
1 2632 -785
1 1885 756
4 2942 1378
4 2928 2997
3 2876
3 1163
3 610
3 2496
1 249 -596
1 1838 950
3 988
3 1901
4 2207 1348
1 585 -708
4 1059 2309
4 1066 104
4 130 390
3 2201
1 503 -86
3 461
2 1371 -515
4 1390 2971
4 603 2947
3 1765
3 797
4 2536 2594
2 930 838
4 688 1009
4 2989 541
3 572
3 2873
2 2385 341
4 2275 1880
4 1219 1153
2 944 991
4 2764 2550
1 1263 697
2 743 -422
4 2996 1041
4 633 2653
3 1245
1 659 352
4 1591 2889
3 539
2 288 -492
2 1615 -358
4 2142 723
3 1312
1 1007 726
4 2943 2910
3 2031
3 1580
2 2135 769
4 1503 371
2 2405 -154
3 2363
2 966 761
4 1165 2395
3 1034
1 2915 666
3 2705
1 1052 437
4 2084 2639
4 2091 2013
2 531 309
2 1146 455
1 1547 -149
3 669
4 1835 1219
2 1590 168
3 260
1 2874 -103
3 246
3 429
1 1452 720
4 1699 1037
2 834 -446
1 2003 50
1 336 -639
1 890 104
2 1828 529
4 325 2697
3 1381
1 1858 118
3 1363
4 415 2930
2 1621 -854
2 2891 -354
2 1231 999
3 750
1 343 672
4 631 1923
3 831
1 2666 -727
1 2943 842
1 296 -342
4 467 2174
2 1670 -411
3 1720
3 1414
4 910 2344
3 679
4 2060 1869
2 744 -93
2 1629 -99
4 2899 2465
2 1729 900
3 1019
2 2799 673
1 509 855
4 344 1244
1 1299 -665
2 2824 227
2 1550 -882
1 127 91
2 2864 -162
2 574 -545
4 2537 709
3 2403
2 1209 -195
2 1131 -175
2 2407 -567
4 1364 1321
1 732 452
1 2894 -149
2 1264 -889
2 1548 -36
3 2582
3 1532
1 1084 -374
1 1170 232
3 646
2 2723 673
4 264 2005
4 2493 1402
1 1913 273
4 1748 2893
4 2342 1223
2 1018 -3
2 1975 -507
3 2554
1 390 771
4 2236 2635
4 2277 700
1 1201 677
4 474 1253
2 417 631
4 2219 2612
4 233 2505
2 1605 -535
1 1774 879
1 2952 486
4 2098 2525
4 213 897
2 106 545
4 957 295
1 155 -346
1 2952 560
1 269 789
2 2550 91
2 1525 747
1 1376 376
2 736 -761
1 778 -175
3 2680
2 1941 -486
4 177 882
3 2967
4 1254 1053
2 847 316
4 854 2574
2 921 -255
3 914
2 2630 895
3 1372
4 369 697
2 1712 -852
2 2567 -430
1 501 -9
3 2933
4 1201 82
2 1122 -343
4 2273 131
2 406 -4
3 1993
2 2943 -331
2 1884 -115
4 997 2380
3 2825
3 1679
4 2466 1008
4 226 1398
1 1121 936
4 2154 2885
1 895 -156
3 1831
4 1991 434
2 508 -305
1 408 -506
2 1471 386
4 2235 1537
2 2070 794
1 1668 450
4 230 2978
3 1595
2 2197 -667
4 998 2632
2 2772 123
1 2492 -569
4 1028 798
1 1534 -541
3 2059
1 274 667
1 1358 -859
2 1329 774
1 158 -635
4 1131 2097
1 1133 -21
3 846
2 914 813
4 213 2404
4 242 1220
4 659 2968
2 1353 -410
2 285 -1000
2 2308 -749
3 1733
2 1147 805
2 178 -178
1 365 -992
2 1324 -632
4 316 1966
3 52
3 667
3 172
1 167 -692
1 152 311
2 2243 402
3 1480
2 1702 407
3 2180
2 843 881
1 578 114
3 2404
3 361
4 1840 1237
2 750 15
3 2696
1 1378 963
2 918 -538
2 2202 -816
1 250 973
2 45 -257
3 2433
2 1407 219
1 2740 -528
4 2256 2836
3 27
3 305
4 143 2975
1 1173 839
3 1217
4 1946 2401
1 2585 -537
1 333 224
3 2061
4 2204 1920
3 2881
4 2905 1992
4 1558 354
3 2535
2 1071 -104
2 1160 826
3 2710
4 739 1805
3 185
2 1651 -663
1 116 -395
1 1736 404
4 669 2440
3 1096
4 278 1545
2 913 416
2 1541 770
3 555
4 1607 2212
1 1681 -682
3 2677
4 1316 1239
2 1463 386
3 2029
1 2561 -876
4 13 545
4 2532 1589
3 1078
2 1406 776
1 1219 -180
3 2894
4 2147 1069
1 2371 -9
4 1841 137
3 864
3 863
3 1922
2 1054 66
4 887 840
1 2458 -502
3 1016
2 1216 980
4 2744 2223
4 638 178
2 813 -384
2 2546 -101
1 625 -990
2 1607 676
4 2313 696
1 1503 -510
4 112 1308
4 1774 561
4 766 340
3 1920
1 2354 -890
2 1009 360
2 1829 -370
2 2314 359
4 469 560
3 2952
3 2635
2 1991 678
1 2016 -848
3 2570
3 2815
4 1512 2757
2 478 -858
2 920 -191
3 2318
2 2328 644
3 1680
3 1084
2 1306 634
2 2561 433
3 673
3 1366
4 489 1061
4 2997 1325
1 1638 177
3 2705
3 2623
2 1243 688
1 2604 -381
1 2001 -577
2 378 249
2 447 -85
3 1543
1 1026 -648
2 1731 -298
1 19 861
4 1278 2768
1 1022 710
2 1293 -853
3 321
2 2746 286
1 2470 -51
3 1562
4 2091 1240
2 2610 323
4 1357 1270
2 1805 235
4 472 1343
1 283 212
2 1098 198
3 226
4 797 575
1 686 -717
4 406 1115
1 971 51
1 70 -731
3 2959
4 560 147
1 585 -404
4 830 340
1 125 -156
3 101
4 197 96
4 2230 617
4 774 469
3 2878
3 1674
1 1142 652
1 2588 98
2 132 342
3 1332
2 1712 -956
4 1254 2455
1 1634 155
3 1389
3 2858
1 345 209
2 1903 989
4 1952 543
1 1922 997
4 2182 301
4 796 1476
1 194 398
1 2576 330
2 1270 -389
1 2525 -473
1 2613 786
1 205 -819
4 64 2234
2 1503 -393
2 2683 239
2 1444 -681
1 2833 -631
3 2457
2 2401 -397
3 945
4 192 1927
1 1869 -118
4 1650 539
4 1208 1698
3 1325
2 1306 318
4 566 1419
1 1064 -30
1 1525 -97
4 1082 1858
2 2831 -313
4 722 93
4 1065 71
1 535 -159
3 2264
1 1531 540
4 1714 343
2 1120 52
3 2919
3 2394
3 2095
3 2035
1 2282 -403
3 376
1 2418 222
1 2551 -429
4 2766 1581
2 389 -494
3 1204
4 2584 1796
1 214 -290
2 2384 -54
4 927 2284
4 1949 1854
4 285 1111
1 1206 859
2 628 -826
2 158 221
2 480 -373
3 1692
1 2832 -608
4 2703 1885
3 2509
3 496
1 1174 -109
4 2138 1845
1 2619 -148
2 1385 38
2 777 39
4 980 2252
1 2103 -59
4 367 1934
2 800 -374
4 1419 1790
3 1686
4 686 2084
3 2350
3 1087
1 2237 -240
3 1865
1 2449 -323
4 740 376
2 1769 -279
2 1562 9
1 443 -70
1 2468 -392
2 1090 -283
4 248 974
2 1275 -231
1 2244 -909
2 2910 557
4 1914 2019
4 2386 223
3 2478
1 1591 280
4 1989 2344
1 1639 643
2 1537 -84
2 2714 453
1 974 -843
4 1409 2547
3 2627
4 1513 2193
1 748 856
4 2896 353
3 581
1 2085 -213
2 410 -338
3 1131
2 522 -801
1 1546 -640
2 455 -356
2 2184 341
3 784
2 754 633
1 1685 111
4 2458 2366
4 1012 1081
4 794 2804
3 2834
3 2623
3 2892
3 1367
4 1478 489
3 197
1 1124 -89
4 2637 443
2 2191 -994
1 2433 -407
4 2347 2811
4 2912 91
3 1775
1 1983 979
3 2471
1 1387 -276
1 1151 484
2 756 -927
2 196 -100
3 2035
2 2878 -70
2 1158 795
3 997
3 2409
1 667 -597
1 828 -950
1 2500 -395
1 2929 -760
2 1155 -797
1 1865 546
3 1049
4 1894 75
4 2529 1900
2 2310 -889
1 2834 942
2 2714 717
4 1321 1650
1 1861 138
2 2541 -364
1 506 593
4 1145 1904
2 1101 388
2 2768 172
4 496 625
4 1454 59
4 151 2055
2 2871 -379
4 574 279
1 50 -560
2 1895 -263
3 1491
4 1390 2878
1 2381 -497
4 734 198
2 2825 715
3 2150
1 1306 -515
4 660 1920
1 872 -36
1 2102 -80
3 643
4 359 1091
2 20 -1
2 2232 -295
2 1593 -912
3 103
1 935 276
3 139
2 2759 -520
1 2605 496
4 2935 2871
3 1718
3 1207
4 2129 1765
2 32 -315
3 2796
3 2247
4 1197 1203
2 436 -27
4 2625 2857
3 2639
3 114
4 2676 2148
4 2912 483
2 2026 371
1 2289 -508
4 1284 2560
1 1485 203
1 1552 105
2 2256 -150
1 2123 -661
4 1248 1424
1 2845 -256
1 89 -531
1 2814 -625
4 1824 1832
2 2664 -368
1 389 -863
3 2971
2 1129 -458
1 237 -977
1 2257 127
4 599 2173
2 699 862
4 776 861
1 1917 -315
1 763 492
4 790 24
4 2587 1536
1 594 -670
2 2312 -987
1 244 529
4 501 843
1 1425 -674
2 91 -971
3 2736
1 258 -68
4 2724 849
1 890 13
4 2377 1386
2 668 -910
1 2431 -284
3 2249
3 2925
1 2446 -79
2 961 342
1 1057 -90
1 2466 -200
1 2117 864
3 2108
3 1474
1 1019 -677
4 1563 2482
2 1340 727
4 1999 368
1 110 -900
3 1091
4 700 1557
4 1654 1621
4 682 1141
2 1339 815
4 2914 1858
1 1795 -593
2 1398 -260
1 1988 -61
2 2099 -52
2 2019 -509
4 2552 439
2 2865 -913
3 1161
2 2336 570
3 1417
4 2243 749
3 2033
2 1149 282
4 452 2624
1 1890 715
4 2552 1638
1 539 -114
1 211 -270
1 2513 136
3 961
3 1054
4 2821 2768
1 2164 294
4 446 164
4 928 1581
1 1127 -625
4 1648 931
4 157 2951
1 1199 -785
4 236 864
3 749
