100 300 30
82 18
88 8
36 33
31 62
41 5
82 3
2 51
94 74
34 36
53 11
21 74
80 39
82 32
97 36
75 45
38 10
43 1
99 16
94 97
8 49
12 6
9 77
55 30
51 40
71 33
22 93
52 84
97 27
24 31
100 89
79 60
90 50
67 24
71 18
71 67
13 19
40 45
2 27
25 30
86 51
38 82
24 35
29 54
9 42
72 91
57 10
75 11
15 46
23 98
72 97
66 90
42 2
71 99
38 76
74 39
99 48
57 33
82 31
27 93
56 71
23 26
21 47
57 79
53 37
29 11
75 90
82 52
45 2
66 39
84 46
4 99
75 30
54 39
66 16
48 52
30 10
14 78
68 70
87 71
38 23
15 34
84 25
46 73
8 99
21 57
11 49
97 43
55 5
30 24
91 86
12 95
45 99
64 22
30 31
18 33
71 78
65 92
53 70
75 51
39 23
35 1
27 59
70 26
75 86
83 72
58 48
41 97
17 37
86 16
78 70
87 88
11 72
11 48
47 84
53 33
25 32
47 10
65 94
31 20
38 98
21 15
7 45
76 30
89 62
93 43
59 1
21 26
3 9
50 28
34 64
40 61
9 65
100 24
73 30
36 69
15 68
42 7
71 15
39 9
50 5
83 92
18 25
42 99
64 48
65 5
7 20
5 64
84 23
8 46
71 85
95 82
35 66
46 32
53 89
18 77
71 38
69 79
47 6
83 69
21 4
30 44
15 86
4 20
52 34
77 46
35 29
80 57
37 21
62 75
26 84
77 69
67 55
87 65
30 49
4 33
46 17
95 65
46 28
8 97
51 90
93 60
55 100
2 6
87 60
87 42
43 32
44 10
24 61
84 1
6 85
74 86
11 76
40 46
44 6
17 93
11 47
74 29
57 4
24 11
76 70
100 98
69 5
97 52
88 75
22 51
27 57
34 41
87 2
28 81
66 86
83 44
48 18
28 90
49 54
83 13
55 9
19 71
27 82
24 27
88 27
73 40
77 27
67 77
66 33
43 80
88 46
85 78
9 23
39 51
37 93
1 99
62 20
37 25
37 14
90 95
7 58
44 51
50 26
69 88
9 57
43 4
18 27
95 54
59 34
97 57
97 4
63 93
94 51
43 25
65 40
62 3
49 37
25 60
86 57
32 29
87 35
19 5
24 4
29 38
92 36
22 5
18 93
24 71
30 98
48 24
63 45
73 12
88 3
50 33
47 92
33 73
72 53
6 76
13 73
23 22
58 11
93 65
58 50
82 49
80 11
24 53
84 8
40 9
54 92
96 72
57 48
64 81
63 53
6 84
36 65
4 55
11 93
74 59
35 77
56 38
54 57
46 51
89 66
66 62
77 83
3
207
300
58
216
186
295
179
287
298
175
246
177
142
25
208
291
24
21
225
159
156
111
45
256
13
221
271
130
40
