10
97 94
0200200000020000020200200002200000200000202200202020000000000200000020020200000200202002200020
0000000000202020200220000220020000020000022020020220200020000020002220002020200202220000200000
2002002022000020000220020000000202000200000202000020000200000002002002000202000022020222000200
2020022200200200000000200020220000000200022202002220022002002200200202000202000200000000000002
0222000000002020222222200000020000000022000222000002200022002000000022220000220000020000202000
0020020002220000000222000202200020002000002220200002000200020002000002000200200000000222000200
0200000020020000000000200020222022200022000202002000020002000002000002022000200002202000000202
0000020022020202002022202220000020000220000000022202000020002000020200002002020020000200202222
0220220020022200220200202000000002200200000000002022000000000000000002000000202000200220220000
0220000002200020202200202022220200200000222220000020000002002000020020222200000000200200020000
0002000020000200022200002000020020222022020000220200000202000000000020022020022000000202220000
2000000200002000200200000220022200002002020022020200020200002000000220002000220020020200000002
2000200000000000022202002200000222000002002202002202000020022000220000000020200220002000020200
0002020000200200220000000000000200020000002000200000000202000000000002000002200200000020220002
2022020020020200020020000020002020000200000002200000200202220000000002002220022022020002000220
0020002002202020200002000000000020002020000000200000020002002020200020002020200000002000200022
0002000200200222022000002000200000022000220200000220000202002002000200020000200000000020000002
0022022002002020000022200200002000022002020002200000000020000000000020000020000020020002020002
2000000002002000202000000202000000000000222202002020200002222020220020020220022222000020202222
0200020000000020002000000000000202000002000220000000002022222002220000002000020002022020000020
2000020002000002000200000220020200002000202200020200200000220202000202002022200202020022022000
0222000000020000000020222022000020020000002202020000000200000002022200000220220202200000222022
2002000200200000000022000200000002020200200202020000000000020200020000222002220202022202002022
0000222002000000002000200202200022200000020222002000002220002002000200000000000000200220000220
2020022000000022200020200200020022020000020022020002000200000000202000020000000020022000020002
2000020002000020022020000002000020020000000002202020022022200020200200200202002020000000220200
2020200002000022200200002020202022222200022002200200000222020200002000000002020220020002200000
0220200000200000002200000200222002200000200020200022002000220202022020000000000020202222022200
2000000000200200022000020020000000000220000002000022022020000002022000022000000020000000000000
2202020000200020202002222000020022002002000002000020020000020000002000200002220020000000000000
0000000000202020220222022000000000220002200002020200022022202002200200000000000022200022000020
0000002020020020000022000000000002020002020000022020000200202220000220002000022002020202022220
2220000200000020220002020220000202000000200000000002000000222220200022002200002000000000000000
0020020002000000000020000100002200000000002200000202020020000000022220020002002000220222200000
0000000200002202000000000002000020200022222222000002000200022000020200200002000200202020220000
0222002200000020202200020022222000000020000020000000000002200000202022200200000000002002000000
0200000202000020002202200200000000002000000202200000220000200020000002220000002200002000220000
0020000000000200200000002202022000020020022202000000000200002202002000202000020000222020000220
0002200000000000202000002020002200000222200000200000020202000020000000220202002200022200000020
0000202222220000020002022000000202020020002220200220202002200000000202020002020022222200200200
0000000200022000020002020020000000200020020000222020202220002000000000000200202002000000000202
0020200000000000000002222200000200000020000002000022000000200000202002220020202200000002000000
0000022000000200000022202020202202022000000000000022020000000200220000000000200002000200000002
0200000200000000000002000000200020020220000000022002202202000000002002200020020000222202000000
2020020020000002020002200222022000002020000000000220202022000020200002002022222200022000000020
0000200002000000020000000020020002220000000202200220000200000000000002000200020022002002200002
0000000020000202002022002200000002020002002002020020000200200020000000200200002000000220000000
2020200220000022020000200200000002000222020000000200022000022200020020200200020022200000202002
0200022000000020020200022000000202000000202000200000000000020002202000002000020000000000000000
0020000220200000000000000020020222200000002000000000000020020000020020020022000020220222002000
2000002020000020002200022002200020202000000200202002000220020000220000022000002000000000000002
0200000200002002020002200000000020222200000000200002000022000002200200020020000222200202000000
0000020002020200002020220220000202202000002020020020000200000002000002000200020202000002002020
0000000020020200000222202000000200220200222020022022000200220202022200000020222000000000000000
0000002000000002022002020002000000000200002202200020202000020002002000020000002000000020002022
0000220002222020020200002202020000200000022220000200000020002022200000000002200020020000000202
2000020022200000000000020000000000000020222002022000000000000000202002000202000000200200200220
0000020002020020202022202000020200000020000000020022022200020000020000000002000020002000001200
0200020220000002022222202002002000020002202000000200002000202022020200020202222000220200200000
2002020002020000000000000000000022020200000000200220000000002200002222200200020200000000000222
0222200000000000020000000200220000002000002000020002202200000200002200202220002002200020202000
0000022202002020200000020002020002202000202000002022000022000000000020222200000000000220000020
0022200020022000002000202220000202202002000000200220000020222000020200000200002022020000000020
0000202022200000220000000002000202000202000220000200000202002022202022020000000200202200202000
0000020200000000002000000002222220022000020200000020000000000022202000020000000000000002000220
2000020022200220022000020000002020200020220202202002200000220200000002222000020002000000000002
2222000202000200000200020022000000022220000000000220000200000000000000220002220000020020020000
0020020000200000020002200020000022020000002220020020002200200202200200200002022022000000000000
2000002000020002000020220002020002200002020000000020002222220002000000000202000220000220000222
2000000000220002202000000000200002200200200200200200000022200020200000000020202002000200022000
2000000222000022200020022000200002002020202022000000200000000020002020020002000220000002020002
2002200000220020022200020200020000002000020020002222220020022022200020002000002000200020020000
0200020220202000002200002200022000222020220002000000000000000000000200020222002222202022000020
2202020200000220020000220000000000002222000002000200000002002200002202000202000000000200020000
0002000200020000022020002200000000000000200202000002020000002000022000000022222000000002000222
2220002200002200000000202020000020220000020020202000000220200000222002200000002000000020202222
0202000000000202020000002022000000020000202002022022000020000220020000000020200220002020202020
0000000000000020000002000000202000002200200022022000002022200200022000202002002000000020000000
0202000020022222000000000200200020000002000000000002202020200000002200222002000002020002220020
0000002200020020000000200000020002002000002002020000201220000020000020000202200020202000020002
2200022002000220020220202220022000002200020020002002000000020020000202020002020020200000000000
0002002020000222020000220000000020020200000020200002000020002000002002020000020002000000000000
0200000200000020020200000020000020000000002200020020022000000002020002020020000020000220000002
0000000002020000002000000200020000002020202000202000020000020200022200200020000002202002200022
0200200022000000000220200002220000002000200020000000200220202000002000202000002002002002000222
0002220000000000000200200000000022202000000000020022022000002000000202200000000000020200202000
0002022000000200220002200220020000200202002000022002022000202000200020202002002202022220202000
2222002020002200202202200000020000000200200020020020000020000020000022000000220200002000000002
2000200200002020002220222200200000000000222000002000000020202002220202020022000022020000000222
0000002000220200020000000202000020000002000002200000000222200020020220200202020000022002200200
0020200000200020200220020022020002022202000000000002000022002200220000020000002220222002002200
0020000202020202000000002002022000000002000002000220200020020002000200020220020022000000000220
0000000000020000020220200000002000000000000220222000002202200200200202002020020000000002000002
2022000002002000000000222202022000002200002000022000000020000002022020220002020000220000020000
0002000020000020220002002000020002200200000000222002002200020200020002000200000000020002000000
2000020000000220020002020220000000000000222020000000202000200202020000000200202002000020202000
2220000022000020020200020022002002002020002200220020200200002020000022002002000020020000020020
92 92
02000000000020220002000000000000000000222002020200020202200020220002022202002200200002020020
02200000000000000202200000002000000000200000000022000000000200020200000002002000200220002000
00200200202220220202220220000002002022000220220022020001000102020020020000000020022000022000
20000200000000002200000020020220000000002000220000002000202000000222000020000002222000222200
20220002000000200220022200200202020000000200020200020020000000200200000002000020020000000200
00200202002000000000020022200000020220000000000000000002002000002020020200000020200020000022
02000000020220000000000002000220002002002200022020202200020220220002002000200000000022020000
02002000000000222220022000020000202220020002200000200000000202200000020020000020002002002002
22020020022200200202000022200220020200002000220200020202000020020002020220000020020200000000
02200002000000022220022000220000222022000000000002000002200200002000020000020002000202020202
22220000000020002002000020000000000200022000000220002002002020022200220022020002000202000020
20022202200200020000002200000000020000200200000000200200000202220002200002200020000200000000
02000200002000000000020200000200200002200000000000202220000200220002000000200000020022000202
02200000002000000000002222200020022020200000200000000020000002020020000002000002220000000020
20002000000000000020000022002022220000002000000000020022002020000000000020000020020000022000
20000022020202202000000000000020200000000002000020002000200000200000200000000020000000020200
02200000000022000000002022002000002200002000020000220000000002202220200002000220200000200022
00022200220200022020000000220222000002000202200022000000000000000022202202020002002202000202
02020020000000020020220200000000000000002000000200000200002000020002202200200000200222200200
00020200000000002200002220000202020202002222220200002222000020002002000202022000000020020000
02000020022202020002000002002000200000020020000002200220002002000202020020220020200000000200
02200020020200000022000000000022020000022002000022020020200022202020000200000000200220002000
02020200002000200202200002000000000002002202000200200002202000000020200000020220020000202002
20020000000200200200002000000200000020000220200002002020020200200000020202020002222000000020
20020002022200022020202220000000022002000200020000000220000200200000022202020020002002000222
00000000202200220202002202000020202002200200020220200002220000022000002220000002222000202020
20200002002000202222000202222000002020000020220000020002202222020000020220000220202020002200
00200000000020020000000202022000002002002202200200222000202222000200022202020000000002022200
00000002220000002002200220000020222020220000020200000000002000200000002020000200220002000000
20002200200220020022000022202000020002200202000000000000020000000002220000000000202220202000
00020000202202202020000000022202200000000002020002020220202200000000000000000002002200220000
20022002000000020200000022002022000000000000020200002000002020200000000200020002220220020000
02200200020022000000000022002220222222200000200202000200000000200200000002000020020000000022
00002000020020020200000202200200020202002000202000000002022000200002002002002002000200000020
00000000202200002020000220020220020202000000020000200200022020002002020000200000200000000200
00020020000200002002220020020000000022000000000000020200000222020000020220020200222000000020
20202200020222200200002000202220020022022000200000000000000220002002002002020000200202020000
00200202002002200002000000222200000000020000002222000020000000002220002020000022002202022000
20002020000220202000000002000200000200002000220020200002002020020202000000022200200002000220
00002200200200000000000000202200222002200000000020000220200200020002202002020000002020000200
00001000000200002002022000000200000220002220000020000200220222220200200020000200222200000202
22020000000020000020222200002000222020202000000000000200000000020022202200200002000000202020
00020020020020020200022000002222002020200202200000020002200000000002200202000200020200200200
00020200200000000000202000220000000002002020020000022020220022202020000020200022220000200200
00000002002022000200022200022000002202000000220000000200020000020000202002220000202200002000
02200002020002020002020202002000002020000000022200020020000022020200202022000002020220002000
02002200002002000000002220002002000000002000000020202200000000000200002000002002000002000000
00200020200000020000000020000000020000000200222000002222200002000200020000000002020222000200
00200000202020000002002220000020220000220020200020020200000000000200020000000020002200200000
00000020202220002222200002200002000000002002022002002002002202020002000000000020000200000002
22000202020200000200200220200000020220000002022000002000202200000020002000000020200200222000
00002002002200020000000200202000000020200200002200022002000002022000000022020000220200000000
00020000202022002002000022002002002020000002020000000000002200000000202002200220020000202020
00020200002000000022000222000000020202002020000020202200000002000002200020000200020000000202
00020000000020002222000000202000000000202022200022000200020222002000000000200020000000200000
20220220202202202200020022020200222020200020002200222002000020200200002000002220000000200000
20000000002002000002002202020002000000000022000002002200200000022000220220020200000000000002
00200000002022000200000000002200220222202000000200000000200200020020200000000200222000200220
20000020200200022200200022002002000200000002000000020202200022020022000220200000000000000200
02000200000200200000020020000002000000220000000002000220002000020002200000200000020020020020
00000202020000000222200000002000200020200002220002000020002202220200000200020000202200020022
20220002020000000000222020002200000220020202020002202000020002022000200000020200002002022020
02200000000020022002000222222020202000000000002020002000222022220000202000020200002202002202
20000220200200000000000000020200000000202000000000000000000022020022002000002002200220000000
22000220002020020200020002002000000200220022000200000002222220020000022002000000002200202002
22000022202000020202000022000000000000020002020002000020220020000020220000000002000000000200
02000200020202002000000000020022000000000020022200000202002202020000020020000000200002000000
02002022220200200000002000020002220200022000000220200220022200220020202000020022002200020000
00000000002020020020002022202020200000002000022000000000202000002200202000000002000020220200
00002000022000002020200202020020002000220000000000000022002202200200002200000000220000000000
00002000002200000002002220002002002020202000000020220000002000000000000000200000200000222002
02220000022000020020220002000000200022222020000002200202020202200000202002202222000200020202
00000002200220022202020002002000000002000222200022202020202000200002020200002020020000000002
00000000022220000022002000000002000000000000220222000000200220022200000002000202200022000200
00000002000020002000020222000200220020220002002200000020002000222200200002200000020200020000
02000020020202200220002020020000000202200022002200002200020202002000000020202000200202022000
02000220200020000000200020000020020020000002000020000000020000200000000020000000220200022000
00200022222000000222020220220000000000020000000000020000020002002000200202000000000200000002
02000002000000002020020002000000002000200000002000020000000020002220002000200000022200220020
02220022220220022020200002000202000220022020002022002000220220002020002020220200002202000002
02200000202220002000002000002000000200002200000020020000002220222020200000002020000020020000
02022000220022000022220000000000002000000200000022000002202000000220002200022000000000202222
20002002020200000000000000002000002200020200000022200222000200000200202022020002200000200202
00202000022202022020000220000002020020002222202200200020000020220000200020022000000200000000
00222000202020000000020002000020000000000000200200200000200000000020000000020000020020002002
20000002022000000000200200200000220000200000000220020000000200000022000002200002000000002000
00220020002000020202220000002000000200000200202000220020002000200020000200200002002000000002
00200000200220000002202000000220020000002200000000002200020202020020020200000000020200220002
02000202020000200002002000000200000000200200020002222202002200200020000002020220000000220000
20000022200000200202000000000022000000200020022000200000002222002002000220200022200200000000
00002000002000002000020000002000202000002002002002222000000220220002000000220222202000020002
02220002222002202202000002020002000000222000200020000000200200020202020000002000022020020000
93 93
220202000022020002200000000022000000002200220000200202000202020000000000020002020000000000002
200200020000002022000000200000200000000002000222200002000220020000002020000000002200002200000
000000000222022002222020000202002200000022022202200000020200002202020000000200002220222000022
000000000200000002000202020000022020000000000002000002002222200000200220000202200200002200000
020000000000000002000000202020000000000000002202200000000200000220020022002002000000020002000
000000022000000002022000020200022000020000200002020000202000000000002002002200002022002222000
002200020200020002200220200000020020002200002000000020020020002020000002202000000000002020220
000000000020002200000000000000020022222000000002220000020202022222000220000000020000202000022
000000220220200022000202202020000022200002002000000200000220200000000202020000002000020000000
020002020000202200000022000000002000000020200000002220022200000000000000000200000202202002000
022220000202002000000002200020200220220020020002020002002200000202002000022020200000020200000
020200220000000002000000002200202002002022000000020200020220022000200020220200202222020022200
020020022000002200020002000020200000200000020202000020000000000002000002002202020200200220020
002002202000002000220000020002000000000000220000020020222220022002220022002202000022002020002
220022000020002002000200020002222020000200222002020020020000002200000002020000002220200020020
002002000022022222000000000022022022000200200002222002020000002020200202000220202200000000002
000000200000020002020000002000202002020020000002200022000222202000000220020020002220220000002
000000020002000202020000200020200200200000000002000000020222000220000020000002220202002220200
002000002202002022020000200020022202000000200202002002022002202200000100022002020000000200002
000220202200200000000000022000020220000020000220200220002000000020202000000000002000220020220
002000220002020220000220020202002000222220000222022000202222000000000020000000022022000002200
000000000002000002020002200002022220002002000000000002200020020020220200200002020200022000020
222220000002000000020002000220002202200200022020020020002020200200000200200000020020220202200
220000022202000012202220000000000002202022202222022222002000000200222200000220000000020200000
000200202220000000020000202000020020202020200200000000000002200020000000000022020200000002020
000000000020002020200000020222200000000200200002020020200000000200000000200002000000020220020
002200000000020020002202000220000000002200022002000002002000020202000000002200000002200020020
002202000002202202220002202202222020020000222200000020200200000222200020000002000200022020000
000200200002000222202200200200000022002220020020000020200022200020000200002000000002000200202
000120000000002000220200202200000020202020000022000000020022020202002220000002000200000202200
002200002200220020000020002020022000000220202202200020000000020200200202020020002000202222022
220000220000000020020022200020000000020000000200220000200000020022000000200002202200200000002
022000020020000020200000200000000200200020000002002002002200202002022002000222200000020202022
200000002020002002000020002002000002202000000022002002020002220020000002000000222000020000000
022000200000000020000020220000000020000220020000200000002220000020000220220002000000020200022
020000220002002002000020000020200002000000022220200200002000000000200022020020000200020020000
002202000000002000020000020200222200020000000200200000000000020000220200000002002220202020000
220020200200000000000020002200002002000002000000000002002022002020200020000000002000002000220
000000020000220220000222000002000000220020222002000002000000200002002020002000000000200200020
220020002000200000002220000002200200020220202002022002000000220020000020002200200202220200020
200202202002200000200022000020222002202000000200002200200000020002020022200202220220000202220
000000000200002202220200002002000022000000022200020000200020000222200000020020020000200002002
022222020202020222000022200000220022000200222020020220000020020000020000000000002002000000000
020202200002000020202020020000020020200020020020000000000000000002000002002000000200020022002
220022002002202200000200000002220002022000000000220022000002002020020202020200022000200200000
000002000000000000020022020000002000200002202020000000020200000000200202200002002000000202022
000002220000002200002000000000202200002000000200002022000000002200000220000220020222002000200
020020020002200000002000002000200200020002000200020000220200020022000200002000002020200200002
000002020202220000202020002000202000202022000022000002020002020020200020000200022000000002200
000000000200200200200022001202202000200000002020022022020002020020000000022202000020220200022
202002000000000002000022000202002020200000000000000000020220000000000220000200002000002000020
200200002202020022200020220222000000020002000200002020000000220000000220002000000020002002000
000220200200200000200200002002000200002000200020000020200000020020000022020000022220022020000
000202002000220000002000000220020200000020000000200000002020200000200002002002200220000200020
002220000200000002000000202200002020200000200000022000020202222000002000020222002200200220000
000020000200020000002202200220000022020002220220020002020220200200022000002222202022020022202
000000000000000002002200000000000020020020000200002002000020000000200202002022002000000020222
200220002000002202222000000002000000022000002220000000220200020000220002020020200220002020200
200000020000020022000000020022002200000000202000200220000200200020002020220200200020000202020
022002020200000020002022000002020002002000222002200000002020000020000002000000000222200000000
020200200000200000000220020022200020000222000022002022200002020002000002200202220200000002020
000000020000000002000200000000000000000000000002220202002200022020200200200002200200202200222
020222020022000000020222220200202020002020000020002000000200202022000022000220000000222000000
020022000002002000202000002000002000200002022002222222002002020000002022202200020000200202200
002002200020220020220022002000000002000000200000220020000000020202000200202000000000020000022
220020020200022020002020200000200000200000000002200000002220022200020020200002000000000202000
200000220000200220200002020002000200200000002000020200000002000002002220000000002200000002200
000022002000000000000020222020000000202000200000020200000000222002020000022000000002002000020
200220002000020000002000200020202000000002020000020020022022202200020002000000020200022002020
000000000002200002202200200200201000200000002020200220200020200202000020200220202000000220202
000020000220022200000000002202220000200002020022000200000002000020002020002000002200022000000
000020002000000002220000000200202000000000202000220200200002022200202002002000222220200000220
200002000000020002000000002002222020000020222002000022200200000222000020002202002200002200002
202200000000200000002022220020020202000002020200220002202020002000000000000200200002220220000
000000002220202000020000020002202200020002200000200002000000022002022002022000020002000000020
200202020022200020000000002020000000000220000000020022200000200000020020000000020200020022020
002220000002000000200020000002002000000000200000200000220000000202000000202000000000002002020
000020020202220222200000222000000220222002220200000200200020002000200000020200002020200002020
020002002002220000200002020200020002220000000000200022200000020020220022220020002000000000002
000000002002000000000000000200200202000200020002000000000220202000200000000020002020002022220
200002022002000000000020220002000000020000002202220000022202002020022020020202000200000000002
020000000020000000202020020002200002002000200000220220200020000002220200000000002000200022200
000200020222002000202022200220222002202000002000220000202000000020000200200002202000200002000
002000000002202000022000022000002220200022000002000000000002220002020020002202200000200202000
200020200000000200200000000002000022000200202000202202000220202000220002220002020000202220020
200220000000020020022022002020000000022020200000022000020000000002000202002220000022000200022
020000020000002020202022000200020020020020000002022200000002000000200202202022200202202202200
022202200000002000200002222022000000202200002002200200000220020200000000020000222200000000020
000000202200020020020200220000000222000200002020000200022200000222200020000000022202000000220
220000000000200022200020000000002000022000000000002002000022020200020202000000202002022000000
002000200022200220202022000020020020022220020200022002020202200200002222000002220000020020000
020000000020000200002002000000000200002202020020022002000020002202000002002020022002000200022
200200002000020202002020220000020200000002200220020022202000200000000000020020220002000200000
98 90
000202022220002202200020002000220000020200000002002000022000200020222002002020200000200200
022020002000222220220002002200000202022200200000200020000200000000020022000000000000000000
000220002000022000000022020000002000000202000002000002000002200022202222020222200200220002
000022200020200020000000222020000000000200000220020020000200022002000202200000000020022222
020220020202222000020000200002002200200020002020020000020000000022200020000200220000020000
020000000020000000222200000020002020020202202000000000200002022000020200000200000220000000
020022220002020200000002000020002202020020200000002000002002002000000200200200000000002000
020020000000022200220200000002200000002202020202000000000000200022220220200000202000000000
020200000000020200020000000000002202200000200000000202020000020002020022202000000000200000
000000000000000000002000002000000000000200200000002000020000002000200002022000022022002200
002020220220222202002000000000220020000000200202200220020002020000002000020002000000200022
000202000000022020200200000020000000000200022020000202002220200022000020000202200000222222
002200002002000000200000200202020000000202202002020000200000000002002000000200020200022200
000200200220022022200200002002220002220020220000002000022000002000002000220000200020000202
022000000202000200020020200000202000020000000000000000002020000202020000022000200000200000
020020000000022020022220200002000200000020002000202022000022002202202000000000000002020202
002220000220000220002220000200022020000000000000000022002000020220000000022000022002022000
002220020202020020002000000002022002200220002000202022220000000000002020000002000000002002
022000000000020002120022020000002000220000000000200202000200222000222022002200000000220000
020000000000222200020202002000220022000222202022020222222002202000202002200000020000220200
002202200000000000000002020002020022002020222000222000000020200200200000000000000200020202
020222000000220000000002020000000000020000020000000020200000020200000200020020020220000000
020002000222200022002000202000000002220002002000200022002200002000220000000002000000200020
000200020200020002020022220000020002220000202020200200220000020002000000000202022000000002
220000000202000020000220002200000222002000202002200020200000000000202000000000022200000020
022202020200000022000202022002000020200000000000220000020220002220000000020000000220222222
022200000000000020200200020200000000000002000002002020000000020202000200220220000000000020
020200000200000002020020200200022000000220000200022000022000002020002220222220022020200200
002202022200021000002220000020202000200200020000000200200200022020202000002020200020002200
000020000020200200200020000020200020200020000200000022022200200200002000000200000002220000
002000000002000020000200000200220000200000000002002202000002220000202000220002200220000220
202000022002000000002000002200002020000000022000200000200220000200022000002002200222002000
000200000000220200200000020000000000020002000000200022022020002202000000200200000200002002
020020002020002002002202000000002000000022200002020020000220220220022220220000200020002000
020200000200200000020000002020222000022002000000020000000000000000220022200202000000020200
200000020000022000220020022002020200000002020000002000020002020020000000002202200002020020
000020200022220202022000000020000200200000000000000002002022000002200020200000000000220002
220000200202000000020000022200020200022000222200200000020000000220002000220002000022220020
000220200000000020202002000000220000002002000000000020200020000000220020202000220002002022
202000022202022002000002022000000022020002020200020020000200002220200000202022000000000002
002000022002002000000020000022002202020222020020000020002020022000202020020000000000000020
000000002220022200222200200000000200000220020000022220002220220000000020020000202000002002
000222020000002002202000200200000200200002000000202000020200002022200202020002000000000020
000000000020002000220022000200000000200020202002002020020020000000000022202002200000022200
000000020002000000000000002002022222222022000000020200202020002202000022022000022020222000
020202020002020002002002020000000000020020002000202002002002200000020002000000000020000202
022000000022200022220220200202000200220020200002202000200000000000002202020202002020022000
002000202200000020002020002000000200200000000020022220002002000022000000022002002200200002
002000020200002002202020000000002000000202000202000222000020000220000000002002020200002022
202002002000000200000020002020002020020222002220000222020000002200222202200000200020000202
020020000200220000000000200020202202022200000200002000200220200000202000000000222000020202
020020020020000200020200000220000000202020020020000000000002020022020020020000000002020202
000020002000000000000022000020002000202002002000002202200022002000000002200000000000020002
220202002022022000020002020000000222222002000000222222200020002000200000000020200202220000
000200000000222220000022000000000220000000000000000000000002000000002202000022000002000000
002202202022000002222000000000022000020000000000202200222020000020020000000200000002000002
222002002200120020202000220000200000220200020000002020220020002002000020202000000000222000
022002020000220200022220022222220002000200202020020200220000020000002000220200002000000002
000002200200000020000000220002000000002222000002220000000200200220022000002220000022000002
020000000000000002222020000202200220000020002200222000002000020002200200000000220020022000
000000020202020022000020002000022200002202000002000200200222202200220222002202000200000022
000000000000202202000000222002000000000200000200000202000202000022000020002000000222000002
000220000000000000020200000002002202020002020000200000000220020002020022000020022000000002
220002000002020200000000000020000220000000220202200220000202222000002200200200202022202220
020000020020000020222000000200020002022002022202200000002000020220020000200020000200020022
022202000002020000000220022000020220020200200000022020000000222000002020220222200220202020
000200002200220020000022000220000200020020000000020020200200202200000002002020002020200222
002020002000002202022000022002200000002000020000000020200002220022220020200020220000002002
000000000020200002002000002000000000000002020222202220220000200200020020200220000200022020
000002202020000022200000200200000002000000000202000002000020002200002000202020002000000200
000200002000020222202020000020220202000000020002222002200000020000000022000022002202202000
020202002000000222222000000022222000002002200020000000200000020000000022020000200020022000
022000200002020000200000000000220202000220200202002000000000000200020002020002000002000002
220000022200020220020000200000022000000002002002000200002020000220022000000020000020200000
002200002000000000000020020200020000000020000200202000000002002000002020020200000000002202
200020000202022020222020000020002022200000000000002022000220000000002202220200020000002000
020000200020000000020002000002000200020200000220202022020220220000000020022000000202220000
000000200020020000000202000202022000222200222200020000000200022022000022200000200220020020
002000000200000222002002200020022220202220000020020200002222000200002200000000200000020222
020220200200020000200000002002200000000202000000002000000222002002000000020000000020020020
020220000002000202002020000222002020002002020220200220200002200000220000022000002002200022
200000000200002000200000000000020000220000000222002200020002002002000000200220000002022200
000220000000200000200002020000220000200000022002202000020220020000000200000000020000020202
000000000000020002202000220220022000020000020000020022202000220002000200022200000000002000
000002222020200002020020000022022000022000200022000200000000002000222000000000000002020222
000020202000022200222002200000200000000200000022002000202000002220202202002020020000000020
000202000000222000220202000002022022000220000020002020002020220022200000002022222002020022
022000000202000000002020000002022000000022202000000020200000220202002020220022020000020202
002200002220020020002002002000202000022020020202022002022020220002022000000200002000000000
020000020220000000200020002000000222222000000000022020220220020200000000020000222000000020
002000000000020000000000022200000000220000002020202202022022000000000000000002000000000020
020020200022002002020000000020002002200000000002000002202220020202002002000000020202222020
202220202020000220220000000000022220002000220202200000000000222022000000020002020200020200
000000202200002220002000000002020002022022222220200002200000000200002000002000220000202020
002200200002200022022200020200002022020200002002020022000002002002000000020000000202000000
000202000002200002022220022200222202202000000200200002020020002000000000200000200000020000
000000020022000022000000202000000000002000020000220000000022200222202020220002000020220000
000002000002020220000002022200020200002220202000222000002222000002000020020020002202202200
90 92
00000000002000222002220220000220202202000002020202020020002020000200020222020000000022000000
00020002022000200002000220000020000000002002000000000002000200000002000020000000000200220000
00000220002022000020002000020202000200202000000000020000000202220200020220000200000022002000
22002000002220000000000000002000200000220200222022020000000002200022222000222000002020002000
20000200000022202020020000202002000000002222202000200022202000022000000022200002000200020020
02220000020000200202200000000022020022200202202222000002220000020200000202002200000200000000
22002000200000000200000220000000000020000002001000102000000222200220200000002000000200000000
22000000200000000000222000200200002022000200220002020000200000002002000200000020000200022002
00220200000000020222002002000202000222200200020020002202002020000020000000020002000220200000
00002002222000000000000002002022002200000220000000000022200020200002202000020000222000200000
00020000000020022002020200002200000020002220000000000000000000002002202000000000020000000200
00222202200000020022000020200000020000200202022002220000000002020000200220000200022000220200
02200000022020000220000020200220002000222222002000202002020202000002200002220002002002202022
02020000000022002002000020200020000022022202000020220202002020220020200200202020000000220200
00020020000000000000022000220220022000000000002000202220000020220200000000000200000220000200
00002200000000000220000022200000020200020222220022222000000000002200000000202002022000220202
00002202200000000020000002000022220020000220002002200200000200022222000000020200000000002020
00000220000020022002020020000002220000222002000022000022220002000022020000220000200000000220
00010000002200002002200200000202000002200200000220002020002200220020000002002000000220000000
00020222002000000220020200002200000020200202000020000020020000200202200000200020022002002200
00000202002000002202200000000000002000002200000000002000200220000220000220202020000000020002
02000002000000000200022002002200000200000022022022000000000200020002020022022200020000000000
00000020020020200000002002220202000200000000002220200002000000000002000000020200200200000220
00222200000222200200000000200022000200020020200000022200000200020200200002200220020000002200
00220020000020000220000220000000000020202002200000020000202000002022200000200020002020000020
00000002020000220202000000220220002020020002002002020220020000200002200002202200000000020000
20002200020200000020000022000200020000220002222200022200000200020000020002200000220000002020
22000200000222202200002020220000202202020000022002200000202102020002020000020000202000200000
22220002000002020022220000020200000020220002002202200000200222020002000020200000022000000000
00000000200200000200200202020222202020000002000222202002000200200220020000000020000022020202
00020020000000220000000020020002220200002000002000000000000020000000200020000222200022020200
22000000202020000220222002020000000202000000000020200000000000020220000020022000000000022020
20200202002022022222000220022202220200020002202022022200000000002220002202000220200000000000
00002000000022000200000000020200220220000200200002000220200000000020000100200000000022000020
02220200200022020000000002002000002002002002200202020220000020020002022002000200002020000000
00020000020200020200222020002000000002000000200020002002000200000202222200002000000002020000
00000220000002020222020220002002020000202020200000020020200000202020020000020002200000200020
22200002222002022022002000000202020002000020000020200020000202200000002222200002200000202000
00202020220020000200000020000002022222022020200000020200200200022202000000000200002002000022
22222002200200220000002000200002200022000222000200000200002002200000220000000220002000020022
00220220002000002202020200000020000020000000220020222202002220000000200002000022202000022000
20020022000000000000020002000002222000220002000202002000002002000202022002000200000000000200
00220002020200000200220222202200020002002000000200000020220000220202020002002200002000020002
20020000202002000020002002000002020000022220200022002200000000220000020000022000000000200020
00020220202020200000000020000022002202202020000020220020000200000000020022000020022002002000
00002200002002000222022000020220200202000200202002000200000020220000000000000002000000200220
00000202200222202200202002020220000000002000000200000020000020020222000000020220202002200002
20002220202202002000200000020200020002220020002202000000020200000000000000000002200000000022
02020002002000000002202000000000220002000200202000200000000022000000000020200200200000220000
00000200202202220000000000200002020200202002002200200220000000020020000000222020020200022000
02020220200022200222020000220000000000000202220020222202002220002022202000220002220020020002
02200000000000000222002200020000020200020222220002022200202000200000000020202002022020200002
00020220000000020020202022020000022002000020020002000000000202220220200000200000022002000022
20002000020000200000002022020020000020020022222222000022200002200200220020200000220000000002
00000020202002000000000000222000000200022022020002202202000000020022000020000000200000002000
20020022000000020002202000022002200000000000000002022220020202000000000220202000020000000022
22000000000200000200200000202000020000000020000000000020000020200200200000000220002202002020
02020200020202200000000000000000000000200002022000000000020200000220022220020000000020000000
02200200000000200200022000200000000000020002002200220020000002002020000000000222002022000200
02022020000220000000000002000020000000002022002002220020000200220000000002200002222020020000
20000002000022002000000000002002000220022002000220000000020000200000002000000220202002022200
22220022200000200002022000002222202002002000200020020202000000002000222002002020020020220000
00022000020000202000000220200220202200220000000200000200000022200020000200200002002200000000
00020000002220020200022200222000002020200002222000200220020000000020020000220020000020000002
02002022002022002000200220020000022000000202020000000002002200002002022000002000020020202000
02220000002022020000020000002002222002002000022220000200000022000000002000222022020000000000
20200020020000000200002200200202000000020022002202000022000200200000022000000020220022200200
02002020200020020000022220000020220200000000200000022000000000000200202202000220022000020002
00020220200000002000000200000002220000002200202202000000000000020220000002020000220022220000
00000200000002202002200000200002000222200020000002220200000202020020002220022000000000020002
20220000202000200200020000002020000200000020200202002020020020000002002020002002020020000000
20020200022002000200022002002222022020000000200202000022022200220022002200202020020200000022
20002202000202000200000000022002000002000000000002220000200022020000202200000200000002000002
00222000200002000000020000000022002020002220000002020000002000220200200022002202000200002000
20000002000000002202000000200200022002002020000002000202200202002000222120022000000000000000
00000202000200002000022000000022222000000202220202000000002000000020022222200200202000022000
02020202200002020000000202200000020200002200002002000000000000002220000022202000020000020200
02000000200200200002000202000000200200200022000200200000000020020000000202022222200002002000
00200000222022000000000020020220000222000000000020202000202020220220202002002000200020020002
00202000020200202000000000000002000222002000000022202002002000020220000020022020000200000200
00020000022200000002020200200000020200000002000000200000220222000000000000000200002200000002
00020000002002020222200002000220020000200002202002200000202000002002200200000020002000000222
22002200220220000020000222222220002202220020000220002020202000200220022000000002220020002200
02200220220200002022000000002200020002000200200200020000202000222000200002200022020020222002
00202000000002000020020002200000000020020000202000220200000220220000022022022020200200002000
02002000000002002002000202220200020020002020002022002000020200220000202020000022020200020000
00202000000222200000220202000002000220002202000202200220200000020020002000222022202000220000
20020000000220200200220000000000000220200002200002002022022200202000002220020200020000000200
02000002000202220020000022020020002200020000000202000020002202000222220200000002200002002000
02000002000200002002022200000020222200002002002002022000000020200020022220002200200002000202
97 94
0002202000200000200002000022020020020200022000002200200000000000220000222200000000000020000000
0000000000200002202002020200000020222022002000200000020222000020200000200020020020000020000202
0000220202200022020002000020000022200200020000202000220202000220000000222220022000220220020000
0002000000000000200002000000022200002202200220020000002022000202222222000202000000020202000220
0002002000200020000002002220000200000000000022200222022200020200000000000000020002020002020202
0000000222000202002000000220200200000222000000000000020000000020020200002202202002022022000022
0020222020000000202000200020202202000000200022000200022020200002000022002222200000200220020020
0020000000020202202200020000000022200020000000200022020200020000020200200000020000022020002000
0000020000202022022000220200000020002000000000000020020202000000002000002200000020000202000200
2002200202020200020020020200202002020222000002000022000022000000202000200020020000200222002002
2200000000020000000000000022200220020020002000200000000200002200022002000200020000202000220200
0000000022220020220020200200022222020220200020200000220020020000000020202002022000002020000020
0200000200020202000220000000220000200200000220200200202000020000020000200022000020220222202000
0000000000200222200000200202020000000020200000020222002200202020000000000002022000000220222000
0000020002002000222000000000000000200020022000200000002000020000200022220002002020000200200200
0022022200020002000220002200222202200002000202022200020220200002020000000002000222220022200020
0020000000020000020000000000002002002000020020000000222000000002000002002222200002002020000000
0200000000020000000200002200020000200202000000000000220222200002000002000020220220202020002200
2002002000002000022222000202000000020200002000000002200000220000200022000000220002202000000000
2000222002000020000000000002000002220000000022000022222020000220000022220022020022202020000020
2200002000020200002000002000200000000200220000000002200000000000020200202000022020000020000000
2200200200020200020022002000022200000200000000000022000220022000002000000002002222000000000200
0002220022020002000200000000002000002000222000000000200202000000020200220220000020000002202020
2002000200000200200002002002002000020220000000022202000020020022020202002020000000220000020200
0020200020020000000022202000020000000000202000202222000200002022002000020022200000200022000002
0000002202020200000200200002000000202000202200000020000000000200000000000020200000020000200020
0022002000022220020020020200200220020200002202020020000022200000020020000022200020000222220022
0220200002200222000000020000020220200222020222002202020022000020000200000020202002000000002000
0002200000000020220222000220000020000000020002000200000000020020220200000200220000000000220002
0000002200200200002000000022000220200000000002020020020022020000200002002200222000000202020002
0020000020022022200202220020020200022202002200200000200000000002020000000000200000000022000000
0020222022202020020000200002200002002000002202000000002020220220202200020020000000000002200000
0202202020022200020222000002200000202000200220000200222000200002000000222200200220022200220200
2000020000002220000200200000002202220020020202002200002202000200000200020002020000022200000000
2200200200022020020020000002000022200200002002000000000000000002020020000000200220220000000000
0200022022022000000000002020020200220000002002200000002002200222002000000000202000000020222000
0000000000000020000200200000200002020002222220000202002000220200000200000202002200020202020020
2220200000000000000000200000020022000200002000020022002000200220000020000002022200000000222020
0200000020020000020002020000220000200002022200020020000020000020000202022020202000002200020220
0220000002200002000000022002002002000020000020220220200022000220022202002002002020000000020200
2020020002002000002120200000002200002002022000000000000000022222020000002022022202220202022002
0000002020200220002002000200000202200000202020000020002020002000200022220020020000202002000002
0000000002000020000002220000000020000202000200000020002200020002020020220000020220020002002020
0000000222220020220000000200200200000200002002000020020202020020022000000002200202002220200002
0000022000200022000200200000000200000222000000202000000220002200200000200000002200000002000000
0200020000000200020000000020020200020002022000022002202000002002222000000020022000000000002000
0000022000002020200020000002020202220000002020202022202020000220000220200020002200000002002020
2020000200002020000220020000220000020000000200020200000220200002000002000000000020020020002000
0020002200000002000000000200000200200200000002020200020000200000200000002020200000000220000000
0202000000000000020200002202002002000002000220220020000220000220002000020000020000020220202002
0000200200000000000220000002200002022022000000002002000002020002000000000200220020020000200000
0020000000022020000020200222222022020020000000000000020222220000000222002220002000022200020220
0202202000000001000220002000220022002222002000200022000002002000002000000000000000002000200000
2000200020000020002220002000020002000200002002000200002222220200000220022220002200000220000000
0000202020020002202202002200000000202020000020000000000002202200000020002020200002002000222000
2000002022022022222002200220220000200000020002020022000000020000220000000000000000200020020220
0022000000000200020002220200000000000002202000202200002200002200220000020020000120000002022000
0020200000022200020200000200200002200020000000002200200002020000020020200022000000000200002020
2002002202020002020022200002002020202002220020220200202020020202000200000022002000000020020200
0020200000022002002202200000200000020202020002020200000000022000202000222020020020200200000000
0200220220020000002200020000020000202000200020002022000000100020000020020200200000000022200202
0000220000200020002000002000002000200000202202002220020202000000200200000002000200200020020220
2202020000220002020202020220200200000002000000002202000200202000002000200000020000000200002000
0022020020220002000220000200002202002000000000000002020022220202000000000020022020000020000000
0000000200000000002002200002002000020200000020200002002000202020000002200200000020020202000020
0000220202000020000200202200020020000202200220000022000000222000202002020202020000022020020000
0200000000000200200000222202200000000000002002022022202000002220002002200200020202002000000000
2022220020000002000200020002020002002000222000020220020000020020000000000000000022002020020022
2000020002000000020220002000022200000020000220200020220200000002000002002020200020020220022200
2002000000000200200222000000220000000002020200022200000000000200002000000002000000000020020002
0020022202002002200200000200000000020000000002022020002200202002200202000000000200200020000000
0022000202200000200002000002000002220000202002202002200020202200002020020020000000000000020000
0000002020000000000000200202000020002200022000002000000222200020002022002200200022200200222202
2002000200002022200002200000220020000202000222000220000020000020000020020020000000000020000000
0000202020002000220020020000000020022000222022200022200002000000002000200020200202000220002222
0000000200000200202002222200000002000000220020000000202020200000022002000022202002000002220200
0020000020000222002002200022000000220000220000000020202220200220200020000002222200020000000000
0022020000000002000200000200202200002220200000200002022000200002000202200200020020200200202000
2000020220000020000002020020220000000200000020022000002002000022000002202020000202220002002002
2020220222020000000002000022000000200000000000000000020200022000022020000002002002000002002002
2200200200202000220202000022000020002000222002000022002020220202002220222022220200000200000220
2200020020002200222202000002020000000200200202000000002020020000002000202022000020020000222000
0002000020000000200000000202000202000200020002202202000000000000202100000000002220200000002200
0000000000000000020020002000002220022000202002202202002020022000000022020022020220222002202200
2002020200020002000202000200200200000020202000020200022000200202020000000200100020202022002020
0022020000020000200002220000002002000202020202002000000020200000202022020220202202000002200002
0000002000002002200022000000202020022202002000000002220000022220220000000002000002020002000002
0002002000000200202020200202200022000000202000020002022002022000002222022022200000000020000220
0020000200020200220000222022000200200002002000000000000200000000000002020000002002000200000000
0202000002220000002200020002020000220020000002002002002200220200202200200020022000000000000000
0200200020200000222000200200000000000002002000000022000202020002200020220000200002000222020200
2022000200000200002000002222200200000000022200222020202000020020000020200202002022000200220020
0200000020002200000000020200000200020022200000000000222002002000022002000000222022002200020000
2020002002202002220000020222000020022020202200202000000002000000020002002002200200022000002000
2000220200002200100020000002000202000020020000200002022002020002000002020000000000002200002020
0200002222000022022000020200000200220200002022000020000220000000200200000002000220200000002020
2220200000000202200000202000000220002200000220200002000000000002000000000020020002000020020020
95 97
0000000202000200000102002022000022002000000002002000200000020000020200020022020200200000202002202
0000020022220022000020000000022022200000020000200002000000220222020022000002200002000020200220220
0000020020020020022000202222200200200000000002022002002020222020000020020000000022220002200200000
0002220000020200220022000000000000020200000220000000220002200000000000002022000222202000000202002
0220000200000022200022000000000000200200000020020000000220022000202020000022002000000000000000202
0202202000000020220000000000020002202022000200000020202020200000200000220000020000020020202020000
2202000220000002000220020000000020202020022002000020220200000000202000000220222202002002020000000
0220200002000020002220000200202220200020000020000222000220222002202020000000200022222200022202000
2000202200000002200022202000000000022002202000000200200200020000220002202022000000020000000000022
0002022020020002222002020020000002220002000000220000202000000000220020000002000000000200200200000
0202022200002200000000000000000220002020020220020020000002002220000022000220200222020002000202200
2000000200022002000002000000200020000000000022000020022200200000200000000200020000000000000020002
0200200000000200002002220000000020202022000000020200020222002020000000000000000222020200220000020
2020000020200000000200000020000000222002220000200000000000002222010000002202002002020222220200020
2000000220002222000022020020200000200020200002000000200000200000000202000200020002020000002002020
0002000020200020000002200000020000002022002220000000202200200000200000020000002000020200000200020
0002222200200000000000020002200002000020202200000020000000222200200000202220202022000000222022020
0000000222202002022000020022000220000000022202000000022202220002000000000200002020020000200000002
0002220020200002020000020202022000000020022000202020022220222200002020000020020000200022020000020
2220202002000000200202200200020002200000000220000000000002020220200020200002000200022000000200000
0200022222000000000200000000200000200202022200200200022202002002002202000200000002002200020000220
0200000002220200000022200200020202002020002000020022002000020220222000000200002000002000000000000
0002200000222200020022200002200022220020002000002000022200000002220020200002022000020002000202000
0000200222000220220000202002202200000000202000022020220022200000000020000220202020200202200000000
0200002222000000200000200220002020020002002022000202220002000000020000020000002020202020220000000
2002000000022000020020200022220000202200000020000000000000020020002020002000002020022002020020000
2002020000000002200200020000000000000000002200000000020002000000200020000000200200202000201220000
0000220020022000022220020022000000020220002000200200022002002002200020002000200002002202002020000
0200000022000200020222202020000000020020000000020000000200000000000000200000020222002000022002220
0000020000220022000022000220002020000200200000202000200000020000000220000020020000220000000200200
0000002000000000000020200002200220020002002000002200000000000000000002002000022020000220202000002
2002002202000002202000002000002002202000222020000000000000000002220002202002220022020220000002200
0000220020020002200200020000002000200000002200222022000000002000022002000020220000002222200000220
0020022000002020020000020002000002002000020000000022200200020000000020000000000020002220002200000
0002200020002002200000000200000020000022020000202022022200022020000000222200000000020002200200200
0202200020002022002022020002002020000000202000000022000000000000020002000002002022000202022000000
0000000002000200000200002000200222200002002200000020020002220000020000220200200000000222022200000
0000002000220000000020000020000000002220020000000220200202202220020200000000200200200200000002002
2020200002200000000202200020020200002000002000200200000000000020020222222002002020022022020200200
2020000202022000000020000022020000200000200002002000002022020000000000202200002000002202022000020
2000202020200022200222000000200000000000000200202002022220000022022020202222200200000000200202000
0200200202200020000202020000000000000220000020000200220020020022000220022020000000002020002020220
2022022000002022020000020000220000022220200000020202000002002202220002200020000020002200000020000
0200202002000002200200002000002200200200002020020000202202202220002200202202020000202200020000200
0000020220000020202220220000220200200202002002020020002020200000200000222000200220020200000000020
0000002000020022000000020202000020000002020000202022020000002000020020000220002000202200002222000
0202202200200002020022220200020200220000000000200000020002200202222000000000000000000020000000002
0002020020020222022200220202200202002000000020000002002200202022000202020200020200020020022020020
2200222000020200020000002000220002002002222020000220002202200020220020002022200020000002000000000
0002000000200000200000000202202020000220000000020020200020000200202000220022002200000000200000200
0220020000002020000000002000002020000202200002002200200002002200000020020000000202020002020220220
0200002000200200200000200020000200200020002002002022002020200020002020222000002202020000000200000
0020000002200200020000002000020000000000000000222220000000000022020022000000000002020000000200000
2200200020000002000000200000020000002000200002000000200200000000000220200000000020222000020202222
2000000022220000022200000220000200000000200000222000000020000002000202220000000020000000002200002
2000200000002020022200000020220002020220200000000002002020002020000200000222200002000022202000200
0000000002000022200000002000002000220000000002020220220002020202000000200000202020000020000022000
0002200002200022000000000202002000020202200000002200000200020020000200000000200200002200000020200
2202000022020020002000002200000200200020002020002020000002020000000002000020000002020000000020000
2020020200002020000220000022002000220000000022000022000002002200020002000000000022002200022000200
2020000022002222220000002020000000002002000000000200002002220200000000000220220000000222200020200
2002002000200020000020002202002020022000000000002020000000200202200200020222200002200002200000020
0002020000002000000202200220020022002002020020022022000000022220200002200002000002000002202202220
0220000200000202000000002222202000002220002022002002220020000000020000020002200200002200200200020
0002020022020000020002000000000202020020000020000000202000200002202000200002000200002200200020022
0000200002202002020000002222020022000020000000002000200200000000000000000020202000000020020020202
2022000220000002000022000200002002000002000000200000200200000000002022000000200020000020000020000
0020000000000000022002000020000000002000002020200200000200022202200200020002022020202002002220000
0222000222002000000020200220020200202200220200000000002200200200000000000000000000200022000002022
0020000022000202000002000202202000000002222002220200020202000020220200222220000020020020202002002
0002202220200200200220000000020020200000022220002000002020222000020000222000000000200200200002220
0220222000002002020002020200020020020202002022000000200220020000000020220000000000220200000000200
0022000200022200002222020200002000000222220022022202202020220002000000000202000200000000200222202
0020000022022200002000000000000220000200000002020200000200002000020022222000000200000200020000220
0000220022020202220000002022000200002002000202200000020200020020000220222000020022220002000200000
2020002202020022002020020202200200002000200022202020020200000200202200000000020200200000022002202
0022020020022020020220002002220000020000000220222200000000000202200200202020022202000002002000020
2000000000002200202200220200002220200200020020020020002000022200220222220000000222000200020200202
0000220202020000200020000220000002022000000000000200000000002000022202202002000000020000202220000
0020000020002002000000000000002022000000000002002020022022220022000000002000000002220022000000000
0200000200220000220000000020000220020200020000002002000020000200200000200020020202200002200202000
2200220202022002000220000220022200222200000200000000222002000022000000022222002000002020002202200
0022202000000200200200022000220002002200000200200020200020020020000002200000000000000002202020200
0000020202000000200020002220000000000000022202000222020000000002020002222000222200000022000020000
0002000020002200220220220220200200000000202000200000020020020022000022022002200002200200000000022
2202002020220202202002200002200000000000002000002002000000022000000000000200002220000000200002220
2200020000020200222000020200000222200020000022002200002000000000001000220000000000000202002002000
2200200002000220202222020222020200220022022000002222002002000002200000000002020000000002202002000
0000220000000220000000000020000002200002022202000020002222002022000022200002200000222002002002020
0000200000000000000202000222202200022000200000002020000200020000220000022000020000200002020000020
0000000002002000000200002020002022002202000020000020000000020002000220000200200000022202020000000
0220200202000222000022000020200000222000000202200220200222000000020020002220000022000200000000000
2000222022200000022002020000020000020020020000200020000000020022002020020020222020020200002000000
0000100202020002000002222000000202000000000000000200000000200000002002000200000000200020220000200
2000000000002002200000200020020022000202022000000022002222002000000020202022022200020000200022000
91 93
002000020020000000220000220000200200002002000200202000000002200202000002000202020020000022002
000000200020220020000000200020022220020200202000200200000200002020200202000000020000000000000
022002002002020000000000000220002000202022200200020022200000200200220202200220002002002020002
200000220000000000220000000020000202202200022000020000222000002000200020002202222002000000002
000202220202000002200020002200020000020200020202000002002200200002000002000200022002020000022
022000000200020220020000020220000000000202000002022222000200002002222000000220000202002220202
000002020002002022222000002200202002000000022002020002000220002000000200000022002022000000000
200022200222020020000220220000020000000200200020000000020202002000000202202202020000202200000
220020002002220200222022202000000000000022020022002002000000202200020020020000022000000002002
202222012202000002200200222202000202000020200002220000000002002000000000000200020222020202022
022000000020220000202000020002022200222002202020020020200202022000200000220000220000220000020
002000000020200000002200220200002000020000000020000000200000000002000022020200200000002020000
002022220000022220002002002000000200020020200022000002202000002020200200022020000000202200020
000002000020202000200020000002000022020002000000022000020200000022020200000000000000022220022
202000002000220220000200220000020002000220000200022000200222020022000200000220220000202002200
020020000200020000002022200002200020020020022220000000200200200000202002002002002000200002000
202200220200000020200000202000002022000020220202020020222000002020000020202000200002002020202
200200020000200020200020000000200020202020220220020000200200200002020002002020202000002200000
020000020000200020000000200002200202020000022022002020200002000202200000000000200000220220000
202020002000020002200000002020000222000020202002020022020020000000222020200020000202002000000
020000200020202000000000220002000202020000000002200020020000000000002200020200000200222022000
000200202000000002220200200200200000200020002000000220000200022220020020220020220200020020020
202002002002020022000200000020100220202000020002020000000000022000020022000000200200000020000
220200220002200200200020002002220020020000220000202002200002002022000020020000020222000220000
002220000000020200000200200002000000200000000220000000002000000200220000000200020200000222020
022200200020200002002202002200002022202000002220000022220002000000202000200220002022202202200
000002000000200022220220002000020200000020000220200000000002222200002002000200002002000020200
002000020002020020002000020000220002000020000000020200020000220002020200000222000000000022220
000002002002000020202000200000000000000020200022002000222202000220220002000200200000000001222
220020002200020020002200200002002000002000000002002000002000000020000000000020022020222200000
000220020000000000002002222002000200000002000020200220222000200002000002000000000220020020000
000000200220000020000000000000000000020002002200020022200000002020200200020000000002020000000
000000200000020200000000000002000022000022002002200202002200200002002020202200220022000022000
002202020220002002000000200002202022002002200000020000002020200002220000200020000000002220002
000000020000000020000020200000000222020200200000200000200020000000000202000000000002000000000
000000020002000000000000020022202220000222020200220220200000000200000022202200002222002000220
002002000220000020002000000000200022022220000000200020202000200200002000200020002200000000020
000020002020022200000200022022202022200000000000000002020200020002000022200202202000200002220
002000000000000020000200000000020000200000220222020020000002200020020000202000000000000202020
002200200000200220022000002200222000000200202220000020002022220220000022020000200202000002000
200002002220020200200222000022200220220022200002000002020020202000022002220020000200020002020
200200002020000022200000002002022200022220000000002002000022020022000002000202022002000200020
000200020020222002002002020000020220020000000200020000020200000000022000020022002022000200202
000200000002000002000000002022020000000022220000022220002022220000020200000000002000000000000
000200000000200222002000000002020200020200200000200220000200000002000000022000002000000220200
200200202200200002220200002002002000000002220000220000200000000002000220000020020000220002000
000020202000020022020020020002020000002200000202000200020000002202000200022000000202000200020
000000000020200020002020202002200002200220022002020202200020022220000202020020200020220222000
002200000000000000002002020200200000000220202000002002000202002002002000222000200020000020022
200222002200200000022200000222220222002222000222002000200200220000200022022002020200222000200
202220020200000200020000200000200000002022020020020020002000220000020020002222002200000020002
000002002200000000220020202000202000020200002000002000020002002002020200000020202000202002000
020000000022202002020000000000000000000000000022000000202002000202000200020000002000220200200
200000000220000000020220000002202000000002000022000002002022000000000000200202020202002202002
222020002200000002200000200020002002200002020000000000222000020000000000022002000000020000200
020022000002000000020200020020002000002000200200220200000000020022000000000000000000200022002
200002020020000020022200202000202202200002002200220002000000200000000200002200020200000202000
002000020200202020220022000002002002220200000202200002202222220200002022220002000022000000000
202020000000002002200220000000000000200000200000002002000222202022000020202002000000020000000
000000220200002202002002002222020200202002000220000002002000200200000020200220220000002000000
020000020020000022000002022200200000202022200000002200020222222002202002000222202202022222020
022020000020020002000020002000020020002000022020202220020022000000020000200020002020220000200
000000222020002002022220020220022202202000000000020020020000220020200000222020220000202002020
222000000220002000202220020002002000022000202022000200020020020000200200020200020020020200020
000000200000002200002002000000002000000000200202022000202202020020020200000200000200222022200
200000000000000200202000020002000000120000000000000020220200000002202000000020000022000002002
222000002200200222000020022002002020200002202022020000000202222020000200202000200000022000000
000020200022200000002022220020002022020202200200000000000220020222000220202000000002000022002
000020002000000200000202002000000002000200020022000000222022000000000200200002002200202000000
202000000000000200200220002002020020000000020200020200002022220000202002000202002002020020220
020000000000020000220000220002202020200000220000200200022000200200202200000200002020200020022
002000000200000000020220000002202000220200000022202020200020000000200000000022022002000000202
000220200020222020202002002000000020000220000000000220200002000000022000000202020020020020220
000000020000000020000200002220020202002002002200000222200220000020000000000000022000200000022
222200020002200020200200200000022020222000202200000000002200000200202022002020000000200220002
020202202200020220002022200002002000002000000002022020020020000020002202000220202000020200002
222022002222000022020002000200000022222000002000020200000000202002020000000022000000020222002
000022020002020002200000002020220000002002000202000002020002020020000000002000000020200000200
000000000020020000000000022200202000222200002002002020000222000002020002202000220020200000200
002022220222200202000020000200000000000020000220022000202020000220000002000200000002000002000
202000200022200002002000000000020200202020000002000000000000200000000002022000200000222000020
020002020000000020200000000000000000000020000000020000002002202020000200200200000200020220000
200020022020000020000000220020000000020000020022002200022022200200000002022220000220022000200
200200020000000000020000020002020002000200002020020000000000020022000200020202000201000000020
020000002200200000000002222002020200202020000002202000000000220002000220000220000022200020020
022000000200000200000020000200200002020200200002002000220202202000200200000220200200220200020
000000020000002000000220020200020220000020020202000000002000020020000020000000222020020000020
022000002200200000022000200000202020002002000002000002200202000000000022022200000000000200020
000020000020020002000202202020200000020200002000000000022000022000000000000200000022020020000
000020022000002200200002000000020002200020002222200202000000020022002022000200020000200000000
000200202202200000020002200000020220022022202000000202000000000020000002020000000000222002020
95 91
0002000200200000000000020000002200000000200002000022000000222200002000022002000002000020000
2220000000020000020000000200000020002022002200000000022222202022020220000000000000020000020
0020000020222002020000222200002022202200200200000202000000002200002222000222000200200020000
2022200000000002200020222200000022002202002200000202200200000000020000202000020000202020002
0002000020200000000220220002020020000022000220202022000000000000020000000000022022220020000
2000000220022000200020200222000200020000022202000020220020200210020202220200222000020020022
0020002000000002200000000000000000000020000000002000000000000200220000020020020202020022002
2000002020000000000022000222220002000202002002000020020220202000002000002002000222002002020
0200002002002000020200220000002202000202002000000002020000220202020002200200022000000200200
2022000022200000000000000020020000002200000200200020020000000002000222200000020000022202220
0200000002002002022200220022200200020002022200000000000202002000200020220000020222000022002
2020200000000002000000000020020200020000000020202200200000022020000000200200000222002020002
0002000000000002000000022002200022220002002220000000200200000022020020002002220000000200220
2002200000000000222200200000000000002200222000202000020202220200002002202000202020000020200
0020000200002000020002002202020000200002000000000220220000000000000002020000200202020000020
0020200200000200020022020002002002000200000020000002000000000222220200000000002000002022000
0200020020000200000020022000000000222000002020222000020000020002200200002200220000202220202
0200020000020000002000002000000000000002000020000000200000000202022002020020000000002000000
0200000000000000220002200000200020000020000002200020200020200020220000022200022000020200000
0200002000000002222002000200020020000000200020000000000000000022222202000222000000002000000
0000000000000000002200020022022202000220000022002002000202002000000000200000000202000000000
0200200202000020220220000200002220220220002200220200020020220000220200000020022020000020000
0022000020000002202020220200202020000002002022000200000000200002220220020220020000220000002
2202022200000000202002000200022222022020000000020020000200020200002202000022000200000200000
0022222020002200000220200020202002020020000200000000220020000002000000200000220000000000222
2020000200000220200000200202020022200000000200022002022200020200202200020200222000000000020
0002020000200002020200000000020000202222200000020002002002000200000200022002202220000002220
2220000000020220200200000000000002000000200202002000020000000020002020202000200022202000000
0000000000000200020200202000020200020002200000002020200200000002000002000022220220002000000
0002000200200000020022200002022200200220222002200020000202220002000000020002000200200200000
0000002200222200002200000000000020202000022200220000000000200000020200002002202002002200002
2200000000220000022020002000000000200000000220000000220000222002220022202200020000222000002
0000220002002200000200000002000000220000202222000200222200200022000000002222022000020220200
0222000000002002000000000222000020020220202000202220222202200200000022000000202002202220002
2000000202022022002022020020200200000002020200022200002220022200020002022002220220000020000
0222222020000200000200000000002002002020000000002000002002002000000020200000220202200220000
0202002200020200200200000202022022022220000022000002000002000020222200002000220202000000222
2220002200000202220202020002002022002022020020000000220002200000202020000200220200020002220
0200222200220000000200000002002000020200002200000200020200002202020000022020002000000002020
2002220000020020020020000002200200200200000020202020020202000000022220002020000200022020200
2000220002000200020002000002020020000002220002020000000200000002202002000000000002002000000
0220202000020020000020000000220220202002200220000000020022000020020002000000002220000200200
2000022000000000000002220200000202200200200000020200022000222000222020000022200220000002020
2000020000020200200202000002000002000200000020022022000000220002000000000222220002200020200
0202002000002220020002000000000222000202202000002020000002200222002200000000200200002002200
0000200020202200000002202200202020000200000022020000200222000200020200200022202002000000200
2220020000020020220000000000000022000000000000000200020020200202022202200200200000022000220
0000202000000000220002020002202020202022002200000002020000002002202200200002020002002000002
0200002000000200220200020222000000200002000002220000000002000000000020220002000202020222002
0000200000002002020000020000022000202020200000202000000000002020022222022000022020000220220
2000000000200000200002202020022002220000020000020220020000020020020022002000020022220020002
0000000200202200000002020002200202002202200022020022200020202002220000000002020000002220020
2020000122002200022000000220020020020200200200022000022200220000020020200200220222000000002
0000020000000200000000022000000002202022020200020000000200020020200000222222220002022002002
0000202000000200220002002200002202200020000002000000000202000020220000000000200000202000002
0000002002000000200202200000002020002202200000000002002022020000002202200000222000000002022
0202000000202200000220020000200002002202022000002000020000000200200222202200000000200022220
0020000002202220202200002000002000000000020002200000020200000000000202020200020002022000200
2000000020200200220000220000000200000000200000022022202200200220200200002200000000022000000
2000000022000002000220020200220022002000020020200020000000200000000002022000002022002002002
0200000200000002022200002200000020200000002020000202200202000200000002002000200002020002000
2022000200000020000002000022220222220202222002002000200200202020000200200220000000002220020
0020200000200000002200202002220200000000202000020000000220000200020002000202020022000000000
0002002200002020200222020000000200022200000002020220020200000020222002002000202202000000002
2000020202020000002000000002022202200222002200000000000022220002002002002000020200000000200
2200000200220020000000022020020000000202000022020200000020000222000000002000000202222000000
0020000200000022000000002000020220220000000002000202000000022222220000200000000220200000200
0002200022200020000000000020000020002020020000002200020000202000000222000002000002002222002
2020020020002002000002000220000000002200000000022020000000022022002022200202000002200020220
2002000000002000220000202202000000200220000202202200222002000002020000200000002020000000000
2000220020000200200200002000000000000000022000000000220222000200220200020200020000022000022
2200020202020000200200202220002020020020200202000000000202000002000020202002002000002000000
0200000202220000202222020022200200000002220000200220000000000000020200000000000000000002020
2022000000020022202220000022202000200200002000202002020202202020202002002000000200022020220
0020020200020022022020200220002220200002020022000000202000202000000202000200000020022000020
0200020200020000000020020002000202020200000000000200020020000020202000020200000000200000020
0222220200200220200020000020002202000020000022202200000202020200200002000000000002000200200
0200020200220000000022002002000220200020200200200000000020020000002020020002020022002200000
0000220000200200002002000020000000000020220000220200000000222222000222000022200200000000000
0020000000222220020020200000020000000002000002000000000020020000002200202000000020020000000
2000202200002000020220200000200202000200102000000202020022002020220002002220022200000002002
2002000000000000000002220000000002022020202000000002202000020002002000202200200000200022200
0202002220020000000020000200002000000022002020020200002200202220000000020020000000200000200
0222220002220220022000200002202002200000200222000000002000202020002220202000000202000020022
2000200202000000000020002000202200000000000202220002200000002020000000002020002000220200002
0222020200220220022000200020020020022000000000000000020000202000000000222200000000222022000
0000020200220020220000000000000202002020220202200000002000002222000000000002002000000002000
0000000000000002220020020000020022000000002022202000000020220002200020002200020222200000200
0002000020002000022222220200000200200000022200000200000000202200000000002010202000000000202
0002220022000022220000002002202200022000202000200000200000200000000020000200002020200000002
0000222200000200022000200002202000222000022000000220000000202002000000002200200002000020202
2200002002000002000000222000002220020222000220000000222200202020000000020200200000222000020
0000020022202200200200202000002000000000022002000220202202000022202000000202000200000020000
0202000020002002000002020020000020220202022020000000020020222000000200000202022202020000000
2020020000000000020222000022220002002220202202000202202000000220000200202000000000000202200
98 99
020022222000200020002000200000220220022200022200000020002202000000200200000020200002000200000000200
000220002000002000200200020002200000000200200200000000020200202000020200000000000000000222222000002
200000000000022202000200022000020220002200200020220000220220200020020020000000200002200002000000200
002000200202000002000020002002000200022000000202000000200000000000002000220000022002000000002000020
000000220200000220002002202000202200002020022002000002002022000000200202220000020022000000022000002
000020000000000022220200220220200200002020000220020200202000000022000000020000002020000200002002020
020220020022020200000202002002200022020200220220022002000002202000200000220200000020000002200000200
220000200020002002000000020000020120020020020002000000000002022000002020000200002000200022200202000
000200200000202000200220002200220220000022020000002220202200002200000020220200222002000000000200222
200220200022200000000000000220000200002000222222020022002000000020000000000222020002022000002002022
002000002002000020222002000020202022022000000002000020000002002200200002002000202000200000200020000
000000002000002002000020000200000000020000020000000000200000000020002000002000020020000000002000200
000020000002020200220002002000000020200002200000002020002020000000000202020000202000020000020000002
002000002220020020000200202000200000222022000020002002020000000220022202020000000000020200000000002
202220000020200000000200002002002002000200020020000002002002000022202202000000000000000000020000002
020000200000200020020200002000020220002000000020020002000000220022202000200020000000222200202000000
000020022000000200202020202002000200202000020002200200000202000020222000000000000202000020022002220
200002002022200002000002000002000222000000002020022002000002020200002000000202000000000200000002020
202020000020200000000000022220200200002222000000200220000000000022000202002000202002002022000200202
000000200200000000000000020220020000000000020020200002000000000000200000002200002200022200200000000
020020000000202000220002000000022002002202000000000022222000200002020200200002202020202000000000022
002200002000002020002200020000000200200002000020000200200200002002002000000000000200200002000002022
200200200000000220202002220022200000020000022000220000020000002002022020000000000000020002000200000
000200220000020002002000022000020220000000202000000022220202002200002000000002200200000220020020000
020000000000222000200000202000200202220202002002000000200000000000222002000000000020000200000020202
020000000002002000000000002000000220020200020000000202222000200000000200202000200000022200020000000
002000000020220200200200022000000202022202002000000002220020000002000000000022020000022000222020020
000200020000000000002000022220020000200202020220002020000000220200000220200000020202200022020020000
002222200002200200020200000200000220020000000000220000220202020200200000222200222020220020000000022
000200000202202022000000020000000002020002000020200000000022202022000000220220020202000022020002000
000202000000000200000202000000202002220020000000022000200220020022020000000000000202020200000200220
000002020000220000000020022000000200200000002000000000220200000000002200022020222000002222002200000
222020000022022022222000000000000200222000200020000000002002000000020022002000020020020000000020220
002000220200000200000002000022000002000202000000020002002022000000000000202020200002002000020202000
220000020022000000020220000200220210200000000020022000000000202020000200020000000000220000000022002
002020000202200000000020002000022202002000020000200000000200000000200020020202000000200020000000200
200000000000222200202220020020000020020200000020002020202002022020002002200002022020020000020002220
000002000000002200000000000000000000000020000000200022000020202020020002200022000000020220200000002
002020000020002220020200022000002000002202002200220000220200020002022020200002000020002002000020020
000222002020222000002220000002022000220000200000000000000000002020000202000202000000200220020000002
020002020000000000002200222202200202220000200220000000200002222020200002000200000002002000000020020
002020002000000200000202022000002000002020200220022000000200000020000002020020202020000000020000020
000000000020002022202220200020000002000020200000000202202002020002200200200202002000202000200202020
020000022200202000000000002202200200202220000200200000200000022200000200202000000200020202200222220
000000000000200020002000020000200000002002000000002200220000002000220200000020202200002200202002000
022000000000200000200020220000002000000000020000002000020002000022200022020000200002000020020222220
000000200222022002000200020000200200002000000002202202200000000000000000000002000002002020202200002
022002220000202022000002000202000220000200220000002020200020002020022000002022000222020200000000202
202002022220020220020200202020002220200002002000202020000000000200022000020002020000000020202200002
002020002000202020000002020000000002202200200200000000020222000022000000022000002022020000000002220
000020000000002200000220000000000002000020020000022020000002000020002020000000200220200002000000202
200002020002000000020220000000200200222000000002200000002000200020200000200000020000220002200000000
220220222000000000202002000000002020000000002000000000000002002022000000002002002000020002200000020
000000000020220220002002022002000200020000000220000000000020000200220020202020002020002000020200202
000020022020002000000020200200020202000000220222200200020220000000220200000000022000002000020022020
000000000000000000200020020220000000200000002200000002000000000000020002020000202000000020202000220
202000000020000000200220000000020000000000000002200220020200220000020020020000200000022000020202020
002002000200020202002200002020220000220222002200220002220220220000000002200002200020022000020000020
000002000000020002000020020002202200200000002022200002002020020222202020022200020002002220220002000
200000220000020000220000000000022000200000002020002002000220220000000000000200000000220000002000020
002000002000000000000000000200002200202000201200000020020200002222020200002000000000000002000000020
000000202000002202000020200000000002000022000000200220000200020000020000000200020020000000202220220
000020200000020000222002020000000022200002000002000002020222002020220022020020000000000002002020000
000000202200000200220200000200000220000020002220002200002002200000002000200020020200000222202002002
000220000022200000000002202222200020000000002220000020200200000022022220200222000220200000000022202
200020000202220220002020200200002000020000000002220200202202222200002200200202202002002002200220000
200000000000000002000202000002002220200202202222020200000000220002002202202020002220200022000000020
220002000200000000000020020200020202002000020000020220000000000200200000020000020200220000000220002
200000200000002002200000000000002220022000202000222000020002220000000020020002000020002000020020000
000220220002220200222000220000000200000000220220202220200002220222022220020002000200000000002002020
000000222200000002020200020000000000002200022020000222000022000000022020020002202202002020000020002
022002002000200220220000002220202020000020000002000222020200020002202200020002022000200002200000002
200000000020002002020202000002200002000002200220022020000020000000000020002022200000220000002202202
000000000000002200000200000022002200020022000000020200020002002020020200000222220000200000002000200
020200220200002002200002020000000202000202200020002000000002020220222220202002002000000002000200000
000000020020200000222020200202000020200200000200200000020020002020222000000200000022200002020022202
020020000222000000002000000200002200000220020022000200000000200002000000020002000000000000002000000
200200200002022020002020022000002002020022220000000022000000222000020202000200220200200000000002202
000020000020022002020000020022000000200000000000000200220000000200022022200220020200020200000020000
220000000000022020020202000202000220000000000000020000202202002002000202020002002000022020000000020
002200000002002000000202202000002000002000202200202222002202000200000020200020020000020202022202020
200022002000000022000000002020000000020000200000000000200002000200022200202000020000002220220200200
200000200020000020000200022002200000020002000020002002000000202200002002000200022020000000020220002
000000002000000000000000202000000202002000020200222000200000002222022000002000002000000000020000000
202020220200002200020200022002000200000200000000220200020220022002200002000002000000020000222000220
222222002000022222000200000022000000220020002000000002000220000000020200000202002000022202202020200
000000000202202000000200002020002000000220200202022020002022200002000202000002002022000000002020000
000222020000000022000020000202002002002200000022002220200200022000220202000220000020000022000000000
202202000000002000002002200000000000222020000200222200202002022002000000002002000000002000002002000
020020002000002002000000000002200000000000000000000200200020000220200002000202200022200222002200202
000000200000202002200220200200000200000000002000220220000000002020200020000202000000002200202020022
000002200002200000000022020000020220202002020000020000002220002220000020000002000220020020000000022
000202022000020002000202000200002000000200000002000000020000020202000202000020220002000020220202000
200002202200200002220022002000202000020000002022002200000020002022000002000022020020000002020000002
002220200000000022020000200200020000000022202000202000022220020002200002000200002020020020202220200
000020000020000020000220000020000020222020000002000000000002000020002020220222022000200000200022000
200000020020020020020002000202222022222000200020002022200202200020000022220002002220200002220200002
202020220020020220000002000200220020202002222020022200200000200000000000200200022220002000022002000
